"length"	"TGL49_0196_Ct_T_PE_319_CM"	"TGL49_0197_Ct_T_PE_313_CM"	"TGL49_0198_Ct_T_PE_312_CM"	"TGL49_0199_Ct_T_PE_312_CM"	"TGL49_0200_Ct_T_PE_310_CM"	"TGL49_0201_Cf_R_PE_423_CM"	"TGL49_0201_Ct_T_PE_318_CM"	"TGL49_0255_Ct_n_PE_220318_CM"	"TGL49_0256_Ct_n_PE_220318_CM"	"TGL49_0257_Ct_n_PE_220318_CM"	"TGL49_0258_Ct_n_PE_220318_CM"	"TGL49_0259_Ct_n_PE_220318_CM"	"TGL49_0260_Ct_n_PE_220318_CM"	"TGL49_0261_Ct_n_PE_220318_CM"	"TGL49_0263_Ct_n_PE_220318_CM"	"TGL49_0264_Pb_U_PE_414_CM"	"TGL49_0265_Pb_U_PE_421_CM"	"TGL49_0266_Pb_U_PE_379_CM"	"TGL49_0267_Cf_R_PE_389_CM"	"TGL49_0267_Pb_U_PE_412_CM"	"TGL49_0268_Pb_U_PE_378_CM"	"TGL49_0301_Cf_R_PE_431_CM"	"TGL49_0302_Cf_R_PE_394_CM"	"TGL49_0303_Cf_R_PE_403_CM"	"TGL49_0304_Cf_R_PE_387_CM"	"TGL49_0305_Cf_R_PE_417_CM"	"TGL49_0306_Cf_R_PE_375_CM"	"TGL49_0307_Cf_R_PE_388_CM"
"30"	13135	12426	7908	8114	8576	2023	0	9930	8389	10502	6	5534	9011	5541	8724	128	1159	0	183	2698	0	4394	17	0	0	4555	0	0
"31"	11946	10996	7294	7395	8195	1841	0	9538	8082	9267	22	5095	8375	5108	8128	153	1039	0	263	2355	0	4574	17	0	0	3906	0	0
"32"	11608	10785	6922	7020	7734	2143	0	9607	7493	9747	182	5492	8474	5469	8003	172	1267	0	245	2619	0	4671	96	0	0	4386	0	0
"33"	12268	11134	7118	7254	8310	2197	0	9972	8144	10045	248	5386	8619	5379	8185	156	1326	0	256	2970	12	4749	91	0	0	4260	0	15
"34"	13399	11996	7772	8113	8649	2202	0	10732	8472	10726	240	5703	9462	5780	8471	298	1484	0	367	3010	17	5136	89	0	0	4566	0	11
"35"	13917	12617	8254	8744	9007	2343	0	10669	9038	11070	1524	5920	9677	6212	8112	312	1624	0	408	3023	68	5600	190	0	0	4920	0	44
"36"	14158	14252	9124	9447	9651	2532	0	11592	9489	11353	2319	6460	10367	6524	8833	397	1747	0	435	3557	44	5730	234	0	0	5062	0	56
"37"	16000	16595	10354	10789	10680	2668	0	12247	9737	12210	2357	6880	10525	7141	9439	613	1889	0	717	3661	67	6353	284	0	37	5151	0	35
"38"	18034	19897	12412	12402	12324	2990	0	13573	11134	13459	4855	8166	11940	8280	10520	638	2200	0	833	4385	185	7131	500	0	126	5758	0	91
"39"	21566	26493	14366	15191	15185	3165	0	15105	12262	14788	6164	8682	13284	8840	11571	904	2269	0	935	4839	173	8130	626	0	381	6464	0	112
"40"	24624	32411	15925	18303	17392	4466	0	16572	13793	16441	7774	10889	15033	11571	12438	1648	3336	0	1978	6136	199	8899	791	0	466	7999	0	148
"41"	22538	29203	15108	16798	15750	3274	0	15856	12801	15172	7340	9599	13295	9824	11541	1156	2428	0	1718	5252	309	8527	1164	0	777	6650	0	177
"42"	19112	20555	13469	12774	13248	3551	0	15642	12898	15237	8066	9459	13460	9585	11194	1722	2609	0	1777	5097	308	8379	1059	0	948	6750	0	196
"43"	18554	18502	13188	12680	13246	3553	0	15033	12799	14625	7406	9157	13531	9360	10955	1755	2680	0	2644	4989	395	8212	1455	0	997	6558	0	177
"44"	19125	18859	14178	12270	13634	4260	0	16451	13507	15898	8875	10065	14766	10363	11887	2277	3043	0	2862	5670	786	8610	2923	0	1861	7277	0	354
"45"	19222	19005	14592	12863	13870	3883	0	16450	13329	15449	8392	9859	14122	10056	11058	2217	2887	0	3008	5671	733	8552	2728	0	1913	7259	0	331
"46"	19221	19845	14823	13173	13844	3840	0	16217	13202	15638	8230	9856	14385	10309	11464	2170	2930	0	3699	5545	1241	8479	3550	0	2094	7198	0	353
"47"	20111	21771	16133	14648	15085	3650	0	16674	13913	16018	8352	10093	14614	10409	11873	2240	2934	0	3647	5331	1851	8370	4758	57	4598	7381	0	573
"48"	22663	25981	19206	17286	17680	4248	0	18559	15386	17662	9377	11347	16071	12094	12825	2788	3288	0	4619	6340	2183	9936	5987	82	5063	8074	0	656
"49"	25930	29695	22095	19388	20281	4866	0	21073	17809	20114	10894	12999	18588	13872	14548	3123	3463	8	5562	6785	3481	10462	8184	199	7607	9448	0	1029
"50"	26872	30462	23434	20337	21266	4702	0	22393	17888	21073	11198	13677	19704	14396	15101	3169	3579	32	6053	7313	4239	11332	8578	277	12480	9548	0	1524
"51"	24524	27490	21108	18778	19208	4739	0	21193	17074	20214	10795	13112	18412	13683	14444	3692	3700	78	7045	6672	4158	10488	9278	299	12429	9189	121	1644
"52"	22900	25126	19072	17163	17967	4730	0	20601	16636	20088	11052	12918	17955	12815	13688	3945	3862	76	7017	6599	5025	10459	10331	655	14039	9159	140	2074
"53"	23284	24231	19340	16843	17726	4846	415	20384	16112	19660	10339	12225	17998	12391	13307	3817	3808	198	6677	6849	4791	10304	10291	719	15289	8831	1026	2173
"54"	23897	24829	20007	17136	18410	5446	465	22036	17415	21551	11531	13908	19675	14118	14099	5245	4541	346	8636	7355	5650	11115	11531	837	17212	9237	1842	2761
"55"	24731	25033	21109	17354	18627	5044	11092	21306	16992	21186	11407	13396	19217	13659	14198	4811	4235	344	8630	7534	7065	11605	11309	1585	22306	9706	1932	2778
"56"	25437	26452	22316	18103	19366	5523	12084	22651	17293	21775	11940	13791	19703	14660	14450	5086	4088	965	9223	7901	7414	11772	12366	1597	22629	9882	5707	3114
"57"	25888	27792	23975	18977	20241	5451	12663	23117	18320	23007	12611	14493	20441	15119	15105	5366	4224	1044	9808	7908	7837	11884	12779	1791	24126	10044	6307	3169
"58"	29750	32864	27261	22284	23775	6303	15574	26155	20574	26214	14309	16911	24106	17711	16986	6013	4906	1164	10766	8616	9469	13147	14962	2983	29127	11545	9644	4220
"59"	36441	43455	33797	27967	29690	7150	19297	31964	26101	32161	17946	20706	29864	22878	20780	7777	5839	3489	13267	10459	12062	16181	19943	3778	37862	13983	21988	5800
"60"	41809	51926	38843	33181	35069	7247	22104	34784	29209	35461	19810	22640	32887	25223	23728	7264	5712	3460	14465	10620	12909	17408	21744	4537	40904	15473	24607	5721
"61"	40859	50697	37441	32576	34241	7261	22422	34013	28321	34520	19343	22559	31906	24971	23509	7636	5691	3939	14285	10781	12621	16948	20753	5100	41844	14990	33983	7170
"62"	33368	37873	30683	25708	26572	6739	18008	29333	23761	29601	17013	19135	27417	20469	19222	7089	5306	4970	12365	9780	11343	14764	17915	4826	34859	13605	30477	6439
"63"	29038	30753	25990	20857	22178	6939	15526	26401	21563	27556	15673	16986	25371	18113	17159	7218	5956	4727	11646	9336	10628	15232	15899	5541	30775	12249	26598	6284
"64"	29312	30048	25733	21231	22105	7674	15052	28347	22861	29309	16649	18832	28440	19804	17335	8609	6468	6784	11883	10132	11210	16573	16902	6530	33201	13077	27895	7206
"65"	28417	28718	24875	20488	21456	6651	14677	25496	20324	26415	14264	16961	24868	17661	16209	7047	5744	6462	11285	9013	9810	14385	15597	5772	29688	12618	26928	6223
"66"	27831	28814	25429	21114	21733	6911	14954	26283	21000	26956	15401	17832	25307	17841	16815	7329	5911	7009	11454	9375	10402	14787	16017	6014	30902	12575	27617	6550
"67"	29000	30183	26811	21839	22999	7072	16781	26899	21481	27206	16053	17732	26060	18780	17347	7345	6163	7429	12028	9438	10937	14969	17174	6114	31946	13106	28875	6556
"68"	32219	35801	30700	24791	26226	7944	18326	30503	24980	32452	17987	20635	29828	21773	19906	8519	6732	8447	13604	10824	13127	16839	19533	7124	36861	15093	32071	7921
"69"	40625	48749	39000	32437	34606	9125	22285	36687	30352	37892	21641	25122	36733	26898	23986	10389	7693	10248	16194	12266	15769	19233	24595	8363	45500	17762	38993	9145
"70"	50354	64665	47591	41799	44753	10307	27460	43666	36411	44679	25494	29709	43180	32897	28886	11977	8598	11588	19179	14195	19183	21923	29687	9044	54071	20810	48291	10742
"71"	51419	66146	50392	43162	47426	10356	29985	46747	39696	47998	27389	32259	46367	35833	32097	12197	8786	12324	20936	15070	20777	23476	31664	10045	59492	22410	52795	11682
"72"	46434	58181	47422	40364	43850	10460	28982	45934	39266	47800	27251	31699	45394	35678	31154	12341	9160	12627	20453	15169	20277	22783	31991	9845	58354	22243	51894	11539
"73"	37726	44812	37775	31733	34921	9909	24178	39382	33490	41055	24051	27602	40207	29323	26256	11790	8563	11239	17844	13818	17645	20915	26727	8865	50491	19417	43088	10497
"74"	33592	37139	33816	27344	30411	10273	21556	37605	31300	40557	23952	27275	40478	28960	24889	13031	9408	12268	17309	13136	17583	21375	25623	9566	49002	19135	40895	11388
"75"	32296	35358	32239	25773	28594	9588	20781	34933	28594	36893	21942	24900	36383	26247	22798	11477	8660	10645	16248	12383	15973	19400	23052	8721	44450	18001	37841	10170
"76"	29465	33121	29743	24094	27155	9224	19736	34006	28182	35570	21371	24132	34644	25878	21799	11257	8602	11014	15897	12649	15801	19105	21923	8911	42702	17251	38259	10219
"77"	31240	35819	30789	25982	28319	10287	21083	36854	30503	40046	23377	26736	39521	27949	24647	13177	9469	11701	17589	13124	17173	21456	25474	10041	47000	18959	41864	11448
"78"	34156	41806	34866	29611	32151	10991	23420	40785	34855	44499	26486	29905	43367	31856	28082	13731	10166	13133	19658	14687	19719	22862	28479	10934	53023	20410	46689	12739
"79"	40204	50570	41961	35984	39452	13946	28710	48457	42091	53283	32472	36703	54364	38529	33391	17566	12411	16413	22863	17797	24342	27671	35726	13314	65496	24537	57691	15721
"80"	46025	60627	48053	41637	45378	13715	33327	52130	44190	57288	33988	37796	54472	41964	35833	17360	12448	16708	24435	18080	25889	27788	38196	13192	68645	26608	60609	16087
"81"	48282	66460	50383	43822	47173	13644	33827	53202	45940	57446	34501	39111	55615	42829	36853	17124	12354	16629	26161	18186	27114	28157	39472	13223	71933	26915	62266	16403
"82"	47573	66577	49703	44291	46520	13856	33103	52723	45112	57110	34592	38540	55689	43078	36513	17335	12932	16764	26151	18787	26305	28046	38459	13555	69263	27196	62364	16787
"83"	45027	60314	48356	41800	43954	14733	32225	52975	45236	57375	34594	39979	56930	43177	36986	18690	13764	17816	26320	19346	27060	29258	38666	14179	70220	27866	62388	17419
"84"	40800	52220	44886	37523	40457	15665	31074	55121	47092	61897	37270	42661	61982	44806	37404	21670	15490	20796	27527	20695	28679	32496	40796	16403	76689	28422	65716	19476
"85"	37565	46572	41690	34515	36037	13929	28396	48640	41905	55037	33096	36730	54088	40673	33795	19145	13909	17638	25085	18658	25047	28616	35031	14772	66956	26341	58830	17400
"86"	36947	45202	39563	34025	35454	14179	28641	49773	42811	56228	34496	38947	55797	41564	34760	20703	14508	18824	26695	19957	26094	30900	36766	15447	70145	26325	61372	18565
"87"	36925	46511	40203	35042	36115	14004	30317	48786	41386	54532	32887	36561	52941	40054	33869	18941	13870	17572	25366	18621	25564	28395	35143	14086	66306	25985	60173	17458
"88"	40783	51595	44037	38499	39845	15896	33296	54396	45984	60657	36487	41466	59583	44839	37372	21545	14971	19859	28360	21175	28875	32205	40165	16271	74510	28995	65317	19810
"89"	48551	63513	51194	46046	47728	18471	36994	63946	54566	71579	42920	48750	72283	53040	43822	26242	18493	24812	33103	25061	35047	36584	49313	19883	91527	34320	78622	24182
"90"	58025	78147	61144	55702	59367	21259	43883	72893	62875	81466	49293	55727	80824	61512	49745	29134	20180	27953	37885	27496	41263	41554	56235	21643	103199	38659	86244	27079
"91"	63490	85659	66674	60740	65540	20077	47290	75760	65229	83091	50062	56426	79965	64199	52289	28082	19388	28290	38968	28487	43678	40742	56544	21385	105947	39811	89619	27103
"92"	61180	82136	65058	58531	63997	20423	46430	72423	63552	81826	48339	53841	76368	61705	50864	27832	19150	27478	39095	27306	43225	39280	55798	20609	101170	39139	86289	25905
"93"	53753	70558	56179	52158	54956	19271	41158	67938	58482	76798	44978	50862	72609	56265	47566	27257	18710	26923	37009	26594	38973	38120	51737	20113	95906	37758	80210	24589
"94"	47411	60117	50624	45039	48064	20207	37868	67047	56878	76022	45941	51585	73922	56039	45888	30181	20528	27513	37211	27866	38714	40244	52088	21610	95733	36669	82983	26237
"95"	44604	55866	49140	42542	46080	19887	38893	64076	55766	74983	44398	49763	70856	54991	43884	27993	20127	26577	36299	27479	37021	38308	50855	20921	93115	36427	80193	26151
"96"	45892	55520	49929	42455	46712	18905	39118	62673	55925	73258	42478	47851	69065	54687	43875	27132	19320	25496	36258	27179	36819	37334	49616	19932	91211	36030	79079	25616
"97"	48574	59051	53426	44868	48888	19703	41725	66026	58772	76852	45779	50460	72413	57781	46517	29131	20275	27192	38359	28029	39344	39047	51344	20730	94867	37996	83679	27221
"98"	54154	64377	58840	49144	53932	21207	46103	71184	63651	83153	48502	54249	78233	62362	50313	30742	21626	30341	40400	30194	42731	41863	57601	22655	102412	39735	90431	29253
"99"	63755	75024	68587	57672	63710	25316	52988	82787	74676	96798	57956	64657	91724	73569	58877	37192	25083	36073	47175	35143	50285	49771	68461	27420	121948	47785	105312	35164
"100"	75532	93723	83228	72334	79609	28930	64527	97206	90665	114862	69504	74990	106987	89427	72571	40792	27430	41338	55519	39882	59444	53185	77377	29997	139455	54378	124701	40457
"101"	89177	115283	100073	88760	100589	33997	79069	117148	112113	138086	86640	90439	128592	111278	89554	49483	32766	48335	66662	47580	72141	61696	91955	34410	161660	63952	152486	49760
"102"	96905	127486	110645	98592	112181	37131	87980	128972	122149	151266	92888	99483	141273	122993	100529	54128	35704	52696	73322	50744	78018	65288	98728	36832	173744	69848	164474	51730
"103"	91162	118500	104072	92111	104221	35934	81873	125136	116422	147890	89423	95875	136126	117368	94438	54161	35509	52872	71636	49552	74297	65057	96442	36876	167932	67472	156932	51804
"104"	73358	94488	82890	73430	82166	32699	67399	107640	99937	128918	77227	84488	123669	101096	78473	50893	33800	47919	61672	44964	65110	61693	85352	35024	151168	59658	139647	47872
"105"	62462	78753	67305	60288	67924	27588	56284	90831	84215	109524	63847	71843	103209	84025	67390	43012	30183	39959	54566	39401	54275	52077	71305	29862	127935	51214	114600	41160
"106"	59297	74165	63836	55696	64525	27414	54220	87061	81268	107282	60114	69545	101451	82593	64056	40796	29680	39737	53541	38902	53215	50979	69967	28849	123415	49780	115687	40501
"107"	60633	76172	64052	58840	68802	28291	56368	91177	85868	115844	65003	75532	109369	89138	67062	44231	31550	43346	56743	40630	56784	54975	73156	31162	132267	52404	122487	44741
"108"	66311	82429	69601	63554	72994	30685	60456	97132	92470	122283	69476	80945	117799	95629	72523	45640	33441	45730	60445	43538	59656	56488	77971	33643	136323	55640	132623	47585
"109"	73868	95626	78199	73220	83042	35302	70258	111167	105297	141834	82211	93752	135812	111696	84031	54908	39522	53459	68736	50026	70367	65576	91389	39053	159054	62998	152056	55859
"110"	86636	116622	93062	89497	101547	39487	83727	127004	123689	164044	97296	108989	155127	132436	100868	61446	44458	60593	78238	56537	79823	73002	104389	42371	178900	74316	179608	64548
"111"	105185	145044	114720	114651	127170	48068	106098	151581	154367	198102	122045	131816	186758	163786	123976	73490	53068	71651	95953	67509	94726	84067	124072	48419	209245	87092	217556	78362
"112"	130493	184770	145885	147398	162924	60420	138546	193025	196988	254792	162103	170381	238778	212402	162731	94466	67387	91556	121389	84465	121390	103419	157062	61942	261836	107301	280243	100211
"113"	150402	215964	170930	175247	193032	71819	163355	225558	235003	297959	193720	198588	272934	252527	193749	110650	79249	105901	138676	99190	139019	118501	179249	69605	293034	127532	331418	117387
"114"	149847	212710	171905	174671	194601	73937	163960	230433	239239	307480	197926	204142	282647	259815	196883	117066	83164	109488	142975	102985	144226	123187	186902	73273	302438	130498	341345	122772
"115"	131384	182842	150570	152548	170258	64107	147271	204031	210446	274115	171761	182634	253712	230164	168772	104340	76111	99148	130680	93452	125917	112086	165641	66802	269305	117633	299602	112421
"116"	120326	163469	135600	138849	153512	61779	137245	189216	195884	259669	159410	174755	240263	214196	155694	99601	72873	95467	127269	88486	117761	106790	155930	64481	256563	110714	284641	109569
"117"	126238	170730	141337	144348	159290	64330	148682	196176	205823	273299	169654	185986	250850	222975	163155	102455	77578	99284	133792	92563	122571	112377	162834	67291	265091	113579	299535	115858
"118"	146135	197321	166607	170116	184893	79892	177324	234292	245360	328730	208385	222528	300342	265035	194240	126938	93207	123159	159970	112009	146556	135350	197556	86409	315975	137018	362944	143728
"119"	176790	239409	202404	209694	224586	95886	217508	277425	292380	387322	256795	262167	347190	314835	237512	146876	107558	142448	185822	130892	170102	158909	229107	98293	360273	157995	432435	169042
"120"	209842	291895	245100	256867	274616	116212	264278	330279	350941	466056	313516	310346	405748	377233	292293	175766	131195	166882	220426	157666	201170	188128	271610	114271	419844	187863	523070	200176
"121"	236031	336783	279437	294934	310204	134425	300928	376552	396806	526054	360895	348750	455553	423512	335326	201956	150854	191244	249211	179497	231208	210811	305998	128341	470464	216080	587512	227203
"122"	247655	350289	296475	306391	321042	141521	317107	389181	410394	551329	376577	363244	468454	435739	347616	209147	158354	199508	260280	189880	236435	224147	316458	134090	486388	225742	612273	239222
"123"	249892	352283	301974	310625	322487	145464	323824	398114	417951	566659	382339	370349	477977	440440	351921	217510	163501	208557	271033	196182	241579	230331	323984	139524	498502	235260	631584	244497
"124"	253212	359414	309339	316602	329784	155891	335629	416684	433816	591169	398384	386213	497903	457342	366547	229399	173377	218627	280775	207664	249937	247242	336109	149889	526087	244471	656694	258993
"125"	253713	362576	314386	322673	338132	160735	349340	426651	439924	617928	410548	396603	506656	470887	376248	234999	179916	225078	291164	212430	255824	255816	345508	154711	540614	253200	666186	269001
"126"	254419	358789	313563	323546	335312	162897	357958	428481	443795	625566	413683	399158	508266	472032	376420	238235	183556	229970	298552	215370	253086	259713	342162	160341	541920	256867	666645	275799
"127"	261389	355371	313477	327002	333920	169904	369095	434838	446060	638416	421317	402598	510435	472415	375675	242070	187625	234433	304264	217944	259331	266450	346537	165481	548476	261909	675061	282378
"128"	275642	367482	325367	337547	343192	182782	395420	452593	463600	665402	447606	418484	529738	488825	391258	257439	199607	249676	319701	227723	272591	277697	351129	177103	566407	275141	708014	298394
"129"	298481	386966	345681	359567	362253	202693	427990	481087	490949	706895	485114	443298	560672	517610	416102	278875	217771	269578	336769	240554	290943	301509	375874	193426	602615	294999	756155	320086
"130"	320746	414697	370183	387404	387968	220870	460530	518213	528522	764355	533642	475348	598160	552315	454668	302909	237399	293668	363024	263807	312440	327759	401145	207704	633676	315751	820596	346526
"131"	344568	457572	400581	424530	422879	245573	503333	567657	582792	837821	592133	518003	646886	603867	507631	330335	264657	323459	394102	289786	342897	356072	433841	224316	678881	341702	900491	376966
"132"	366021	497875	431028	457253	454755	269403	544042	616368	626213	905829	647813	558004	690678	645675	557237	359104	289824	347964	419125	317178	372250	385485	467205	243283	724664	371054	967174	406593
"133"	370722	499820	436072	459846	454506	275462	547199	620616	631142	915916	655286	565563	701963	650244	560565	369423	296957	356509	431875	323932	375758	396947	470776	251079	731913	378678	989264	413103
"134"	367540	484792	431506	450305	447454	276297	544437	616135	625241	912568	646988	564369	697081	645229	548501	372598	299389	358542	436643	326506	374775	400115	470547	257119	735374	384242	981690	418532
"135"	377099	490171	440719	461782	457884	284525	564983	626361	644817	943054	660284	583116	716378	662966	552401	387647	306793	375541	452016	340275	387766	412854	484518	266897	753841	398042	1008723	439442
"136"	397290	514927	465681	488977	488344	307985	612840	666834	686062	1009283	709456	622678	757830	703544	585980	412106	327034	400197	480014	367542	409702	442495	510158	290213	793062	422856	1073392	473378
"137"	431827	549485	503201	530268	524693	340118	676204	717392	743067	1095276	777453	675795	818350	760076	637559	454127	361212	438026	521428	402376	447004	484915	546674	318029	851324	459036	1161237	518687
"138"	480549	606138	554617	587962	575339	389597	761155	796577	822539	1216423	876594	744699	899572	837585	701819	505585	402500	492040	580372	447336	496144	542037	599281	358158	939607	506049	1292561	574158
"139"	535447	662132	607725	647697	626712	440965	842329	875991	896626	1327871	978452	809482	976383	909306	781690	562962	453862	541401	634520	493341	547858	597717	657123	393954	1021515	556654	1414784	624860
"140"	582911	718232	653549	701505	673406	483216	910093	954823	966881	1431669	1064082	865830	1044991	974230	851670	609617	496422	587674	684815	530854	593675	649700	709025	428427	1098011	602583	1525875	676928
"141"	613913	757345	684359	734877	704641	517164	957990	1006833	1016850	1509164	1131384	912530	1098056	1022106	896809	649028	530019	620686	724212	564495	629127	689410	743922	456081	1163829	643106	1620923	706323
"142"	644751	799305	717629	770996	743102	547214	1013373	1060434	1075125	1603574	1188218	969579	1155751	1078044	935729	691150	562637	664333	773197	600924	666587	735901	786937	486997	1233605	683659	1715168	758913
"143"	696200	863178	775547	836891	807731	600679	1117327	1159725	1179488	1756996	1302877	1066978	1267373	1188819	1012421	767024	614688	736139	849068	666441	734526	803913	863215	539653	1358451	745301	1887160	845148
"144"	769642	951378	858711	931597	904387	680488	1270996	1292324	1321833	1978259	1468157	1195598	1416842	1336067	1118897	868843	688336	835229	959469	745513	822367	902079	956805	615252	1523331	828115	2115488	957519
"145"	834756	1019724	930053	1014331	983240	753280	1405581	1403604	1433058	2157589	1612365	1294951	1536030	1446999	1205090	958631	747316	919729	1044913	818657	898842	995708	1037179	686219	1654672	908021	2291114	1045023
"146"	864078	1046829	963055	1047275	1005491	796294	1466617	1453110	1474158	2232267	1676450	1327126	1566161	1479178	1246117	999525	784273	956366	1080235	849875	936989	1053094	1058255	721365	1708477	948046	2358082	1085529
"147"	883988	1064672	983252	1062169	1005414	830440	1498197	1479722	1480595	2266961	1716252	1328151	1562584	1465200	1273543	1024803	809347	978709	1088113	870374	956778	1081848	1069215	745246	1734842	967239	2365642	1084672
"148"	888221	1056890	990277	1055905	990278	850419	1487785	1489507	1464975	2254130	1730515	1306033	1541814	1424081	1275268	1031505	825423	984075	1084233	875523	955183	1093380	1055055	753881	1735942	986612	2333174	1075359
"149"	883115	1035784	983436	1038250	962838	852489	1456491	1476429	1425501	2216271	1703763	1267736	1492730	1365388	1264414	1021304	827465	971789	1059862	867003	947289	1095062	1029577	749247	1702412	984006	2283204	1054760
"150"	858560	1001893	958289	1002569	923219	842628	1406067	1438845	1373037	2149804	1651405	1219305	1433909	1298118	1225528	996069	814742	949171	1029937	848979	915043	1081828	996476	737237	1649469	976375	2186889	1016874
"151"	817274	961610	921897	959132	872874	822926	1347502	1390921	1305702	2055327	1583041	1151777	1362296	1215459	1181430	959939	794480	910296	987587	820913	886373	1052204	938833	716630	1588981	951007	2065587	970084
"152"	785119	922696	887829	916810	830857	809917	1302239	1341964	1242781	1976105	1518341	1097132	1293024	1151544	1138164	932852	770659	883340	950023	798149	853704	1039951	897916	706086	1534985	924006	1972469	923020
"153"	769843	900612	877690	900619	810625	817851	1294944	1325576	1213458	1944505	1495840	1066261	1257747	1107204	1123040	926211	764463	873805	932229	792092	843150	1042099	876226	715537	1504672	911590	1912565	905733
"154"	762856	881077	867922	885987	795885	827681	1285289	1299349	1183600	1909671	1475733	1034649	1223477	1067335	1097784	923609	758030	868119	920923	787259	838698	1047518	847064	724344	1476856	906347	1852175	889064
"155"	770910	870938	870460	877725	788271	842966	1284112	1292488	1165298	1891148	1468280	1010337	1199551	1042553	1091364	928112	761737	867951	906039	785124	841849	1057669	832260	736349	1457082	911691	1818462	875314
"156"	777987	852712	868458	868826	773254	846214	1273343	1270530	1135142	1857919	1453788	978335	1159886	1002307	1082796	919727	760024	854571	879031	778545	830764	1053557	804453	731539	1408644	906079	1761840	850203
"157"	764148	818357	846912	840463	741127	837466	1219822	1228791	1083162	1788372	1397330	930834	1101531	942584	1057050	886161	749915	822759	844949	751700	807074	1027191	770032	714225	1343386	882232	1663635	809033
"158"	733066	777132	808670	800763	698938	810536	1148970	1169207	1025416	1693736	1334145	875107	1035178	879690	1013876	843050	724455	774682	793490	720384	769273	991125	725178	674601	1247367	847687	1566914	758089
"159"	679992	725243	753281	747080	650317	761161	1055431	1090204	950188	1568020	1240506	806888	953128	801771	957205	786117	683833	712696	730737	665393	703507	925731	668204	622809	1145662	793611	1439709	699249
"160"	628823	670568	700007	693221	597862	709407	961131	1012167	873502	1443152	1151151	733618	873983	731770	892050	722089	640998	650114	662253	627055	650518	864375	614174	570381	1037473	739017	1319624	638453
"161"	582053	621624	647009	639033	548748	665906	875966	933735	801684	1327340	1059587	670576	800409	661538	834609	666763	601112	598127	606105	579001	600508	805418	563222	525124	940958	687254	1206824	577120
"162"	543151	575741	599958	590517	504886	625154	803115	866675	736753	1226341	971645	616890	734115	599982	776103	613386	564979	548014	560453	537648	555027	755601	518845	490852	863788	647099	1106430	528910
"163"	514387	538403	566198	551922	470775	592271	742503	807890	683713	1135526	901498	568323	680425	549066	727292	574536	532057	508322	516385	504444	522960	715907	477769	459284	792405	606515	1014077	488366
"164"	491666	506730	538593	521815	445307	569389	699309	761231	638775	1068853	849316	532180	637565	512996	688360	539518	507213	478519	486741	478042	492470	685820	449535	440530	738864	579966	945654	456677
"165"	482767	486160	522199	504886	427974	554045	671152	732836	612943	1019056	813290	504361	604308	482391	661973	524251	494521	454999	465668	464820	478085	673918	427548	433855	699919	568042	902809	433081
"166"	472379	470953	507206	491394	414155	546175	645026	703074	585939	981490	782987	480962	576921	456834	643340	504756	478587	435985	442335	447556	461776	649759	411443	420717	661198	555877	861196	412653
"167"	458010	450676	488385	470694	394187	531875	614740	671579	558156	932733	746158	456035	545594	432223	620926	480988	463695	411351	421540	433829	442859	627871	388945	403369	620440	534645	815788	392021
"168"	441162	433234	469701	450749	377798	515745	581074	642593	531201	886562	708860	431499	516505	404920	599926	457931	449682	389405	401409	416411	420994	605587	369306	381584	587535	513311	772535	367144
"169"	413086	411413	441047	423673	355063	488499	535126	605139	495013	827455	670490	402043	483035	375418	569593	425787	426962	359276	370537	391503	387964	567037	344994	354065	540308	481424	713782	339204
"170"	383084	382281	410243	394391	329554	454720	487878	562940	461558	763402	617203	368983	445393	345219	534786	390262	400550	324777	337537	363351	359076	530133	318449	323855	492791	446973	657852	311360
"171"	351155	353134	377058	362241	303276	418915	439613	518554	423717	698090	562784	338254	409613	314710	494701	358242	371808	293211	308859	333174	328148	484073	290485	293283	446676	412204	600858	281984
"172"	325907	326826	347819	333884	277543	382276	399199	476833	386542	637739	511446	307347	370741	286001	453130	325211	343116	264965	276337	304512	301208	446709	265613	265469	402710	378244	540812	253207
"173"	304938	300446	323289	309722	255994	351635	350468	439356	356410	583009	467649	280901	342738	260374	421780	298745	315891	239183	252869	280959	278796	411253	243278	242373	365942	351608	498628	230085
"174"	290431	282352	305295	290373	240015	329823	324474	409107	328645	542431	430338	260804	317502	240930	392351	274646	296318	221284	235233	261965	260632	382950	222917	223174	338199	336390	461568	213428
"175"	277646	265715	288930	272335	227540	306496	302326	382019	307788	504519	401011	243286	295879	223711	367787	254912	277908	204505	216767	248231	242629	365621	208753	211172	315178	316064	430295	195941
"176"	266666	252099	275380	258968	215490	290885	282452	363087	291595	474273	375227	228207	279426	210553	348465	240444	262471	191823	206665	235406	229695	342335	199972	198317	293399	300490	396518	185592
"177"	253594	242156	261606	246885	204805	280926	268229	343286	277133	451713	355749	217653	264976	200176	334635	226142	251707	177735	192063	226674	217264	331542	187658	190071	278740	291421	374325	174373
"178"	240389	233052	247751	234818	196685	268829	252152	326904	263322	428672	334764	205422	253851	188094	319430	213581	241219	170119	183119	213956	206517	314901	179039	175353	259027	276487	355327	164781
"179"	227218	220873	233299	222853	186220	252027	235450	308697	249977	400389	316544	194227	239084	177626	301743	200756	228082	158339	169186	201148	192824	300719	164851	167474	244684	261497	340709	155983
"180"	213064	209968	220350	210897	177419	237395	219869	291011	235977	377851	299487	183981	226472	166580	286517	187344	217746	146721	157767	190531	181232	283155	155947	153840	229854	244902	321241	145699
"181"	198463	198516	205724	197925	165548	220655	203437	273326	220224	352197	278024	170930	211218	156238	270845	174498	203935	134038	148288	175859	167916	264159	143569	140447	210056	226003	298362	135028
"182"	181990	183107	189178	183083	152555	201041	184344	251579	203588	322971	251545	155132	195217	143397	248971	158961	185448	120752	133213	160896	153802	239983	133032	127701	194217	210584	271567	121953
"183"	170554	168995	171692	168664	141103	184151	167264	232028	188428	295558	231431	142989	179672	131750	228500	144826	171858	110178	122453	148599	141407	221527	119656	115501	176867	192953	248130	111670
"184"	160984	158671	159216	157571	132909	169640	153491	213838	173631	272071	212437	132369	166141	122326	212777	133136	161335	101973	110211	136054	131056	206679	112399	107963	161961	181482	229844	101828
"185"	151762	147937	148733	149217	124836	155959	141200	199659	162184	254251	195902	122795	155287	113863	197288	121594	148499	92628	104141	129183	122382	189434	103123	101340	150580	171289	213851	94736
"186"	143873	140497	139633	139228	117850	146147	132877	187427	150613	235907	182733	114585	146377	104925	185903	114257	138152	86616	97907	119181	114635	177489	95895	93249	142223	159803	199069	87891
"187"	134763	132955	130992	132097	110353	137024	119953	175582	141767	220869	169652	107714	136058	98418	172997	106515	129289	80691	89403	111840	106301	166968	90178	86590	131477	152785	182962	81783
"188"	128706	128388	123368	125669	106833	129350	111734	167229	135124	208470	160039	101181	129343	93190	165072	100934	123756	75611	84529	106586	100005	159384	85661	81947	122930	142149	174012	77136
"189"	121311	122054	116478	120251	102043	122251	105561	158114	128190	196350	150675	96738	123831	89603	156604	95220	117582	70292	78981	100147	95244	151995	79088	78242	118289	134287	163907	73488
"190"	115089	117465	110014	115062	97252	117160	99804	149766	121498	185310	142685	92324	117125	84069	148090	89704	111182	67395	74550	94415	89453	142621	75353	71110	110417	128277	156972	68788
"191"	107812	110849	103188	107545	92484	107493	91780	140018	114778	174006	133205	85844	110612	79080	139882	82104	104441	62102	68182	89831	82273	132963	68785	66625	103317	119083	143217	63179
"192"	101086	104383	95908	101393	86398	99192	85512	130884	106734	162618	121860	80019	103220	73842	129582	76403	95805	57394	64035	82447	75843	122258	64339	60374	96020	110034	134649	58540
"193"	94799	97572	89289	94479	80879	90364	78551	121432	98624	148780	112962	75002	95417	67402	120622	70521	88688	53421	58981	75729	71429	112311	59116	55089	87788	102261	125258	54468
"194"	89264	92013	84175	89225	77143	83854	72698	113266	92138	138172	103182	68665	89192	63066	111851	64277	82673	48577	53975	69677	64002	102755	54862	51780	81591	93699	112619	49830
"195"	83520	86221	78545	83470	71988	77264	66889	105403	85259	127254	95528	63421	83258	57961	103384	59706	75633	44870	49291	64407	59691	96736	50190	46497	74917	87747	104283	46101
"196"	78419	80676	72686	76892	67624	71698	61887	97305	78674	117986	87923	59675	76527	54348	96746	55516	71389	41401	46631	58452	56410	88617	46973	43569	69531	81926	96322	42563
"197"	74604	76998	68311	72395	64361	66204	57958	91658	74493	110966	81719	54873	72738	50157	89762	51686	66241	38329	42933	56705	51916	83568	44554	41123	64910	77370	90048	40296
"198"	70949	73827	64825	69399	61716	62601	52238	86465	69549	105393	76752	51828	69133	48476	85276	49242	62572	36443	40901	52245	50154	78519	41942	38089	62017	74190	83934	36291
"199"	68351	70797	62138	66179	60013	58759	49928	82486	66509	99057	73036	49541	65252	45644	80654	45799	58415	34762	38498	51171	46774	74558	39181	35490	59199	68755	80105	35087
"200"	64424	68700	58002	62238	56847	55747	46627	78515	63351	93337	69027	47467	62452	42658	77337	43245	56175	32395	36920	47452	44056	70244	37341	32952	55904	65785	78087	33611
"201"	61099	63603	54892	59518	54620	51974	44029	73893	60519	88388	64956	44707	59915	40768	72252	41177	53224	30102	34585	44166	39907	66787	35180	31861	52537	61880	72111	31830
"202"	57445	60861	52726	56711	52249	48802	41338	69754	56637	82622	60197	41705	55150	38218	67777	38111	49674	28653	31345	41234	39200	62269	32887	29419	49137	58010	66467	29387
"203"	55213	58300	50015	54304	49965	45096	38857	66546	53020	78097	56254	39718	52572	36408	64093	35664	46096	26524	30431	38929	35127	57974	30234	26802	46806	53955	61174	27546
"204"	53053	54368	46152	51216	47839	41274	36704	62268	49778	72884	52374	37505	49610	33987	59236	33382	43294	25775	27865	37659	33434	53802	28579	25486	43397	51275	57069	25599
"205"	49847	51648	41995	48510	45351	38515	34084	57825	46620	67782	48348	35066	46233	31380	54294	30886	40280	23222	26586	34031	30798	50049	26011	23234	40477	48330	52927	23571
"206"	47540	48215	39744	45483	42635	35806	31308	54299	43142	63555	44970	32757	43361	29221	52097	28550	37348	21549	24586	31914	28537	46209	24787	21790	37428	44338	50472	22573
"207"	45879	46600	38007	44006	40933	34166	28406	51455	41250	60371	42701	30527	41576	27842	49024	27428	35147	20548	22897	30353	27150	44855	23180	20462	36851	42284	46812	21023
"208"	44821	45547	37498	43316	40735	32426	28022	49887	40531	58362	40788	29299	40233	26867	46085	26013	33756	19437	22505	29392	26234	42413	22496	19912	34660	40829	43994	19893
"209"	44035	44133	35503	41604	39925	31382	26929	47674	38797	55646	38312	28939	39138	25940	44291	25334	31724	18874	21333	27272	24641	40663	21530	18930	33250	39495	43279	19702
"210"	41376	42465	33232	39957	37408	29166	25188	45661	36268	53238	36262	27026	37258	24883	43012	23277	30334	17792	19858	25775	23884	37819	19893	18629	32246	36159	40767	18669
"211"	39025	40273	31810	38695	35717	27087	24041	43123	35009	49556	34463	26343	35322	24267	39955	22407	27882	17017	19782	24213	22588	36196	19330	16479	30805	34165	38309	17484
"212"	37492	39871	30402	37089	34464	25843	22985	40690	33316	47991	32138	24869	34238	22842	37712	21441	26776	16220	18870	22732	21874	33816	18469	15453	29511	33553	36351	16363
"213"	36763	38619	30004	35469	33909	24385	22908	39555	31598	45510	31209	23937	32821	21561	36087	20913	25089	15830	17242	22228	19983	32243	16836	15567	27655	30920	34791	16005
"214"	36112	37212	29214	35307	32540	23109	21897	37031	30107	43808	28273	22348	31410	20934	34052	19720	24074	14379	17054	21466	19248	30880	16410	13986	27064	29555	33202	15108
"215"	33753	35181	27134	33588	30567	21561	19005	35390	29219	41499	27838	21307	30025	20057	31998	18608	22585	14389	15976	19948	18030	29148	14957	13745	25552	28135	29644	14246
"216"	32557	34019	25688	32488	29931	21366	18510	34122	27622	39977	26167	20856	28638	19278	30485	17231	21764	13348	15731	18682	17423	26741	15009	12484	23956	27215	29427	13753
"217"	32658	33950	26197	31961	29336	19464	18384	33122	26856	38376	25513	20267	27551	18579	29894	17070	20404	12938	15012	18456	16387	25420	14704	12346	24253	25663	28198	13448
"218"	31082	32742	24460	30922	28161	19612	17991	32298	26386	38075	24632	19325	27869	18249	29161	16842	20120	12487	14342	17882	16098	25453	14264	12074	22722	25393	27409	13151
"219"	30559	32548	24283	30440	28147	18908	17813	32037	26165	37247	24174	19528	27613	18322	28737	16558	19444	12434	14185	17770	15756	24415	14074	11494	22486	24471	27168	13031
"220"	30163	32487	23686	29989	27546	18352	17441	31137	25609	36838	23649	19607	27231	17930	28123	16376	18611	12599	14693	17228	15289	24313	13699	11467	22488	24047	26250	12969
"221"	29321	32013	22099	30187	27641	17362	17333	31083	25248	36464	23416	19056	26997	18101	27338	16157	18397	11902	13883	17192	14836	24038	13886	10905	22134	22927	25337	13022
"222"	29520	31724	21691	29415	27134	17110	15586	30420	25480	35467	22684	18430	26813	17735	26706	16121	18088	12054	14000	16094	14350	22458	12947	10963	21890	22668	23933	12494
"223"	28266	31180	21119	27887	26471	17245	15768	29016	24488	34920	21563	17855	26099	17174	25717	15731	16908	11056	13744	16017	14139	21688	12785	10539	21146	22090	24020	12488
"224"	28232	30485	20870	27690	25955	16565	15421	28350	24184	33640	21674	17814	25765	17162	25151	15579	17007	11128	13719	15673	13684	21775	12621	10183	21094	21471	22916	11919
"225"	27837	29803	20284	27110	25730	16121	15284	28469	23514	33415	20639	17548	24938	16697	24871	14912	16606	10996	12785	15299	14042	21836	12616	9623	20886	20943	22914	11828
"226"	26714	29023	19428	26215	24966	15525	15081	27383	23409	32649	21037	16910	24794	16351	24333	14442	15956	10804	12619	15088	12735	20176	12074	9334	19684	20645	22204	11704
"227"	26309	28311	19721	25674	24442	14959	14927	27312	22582	31829	20275	16908	24648	16870	24345	14199	15740	10434	12806	14485	12953	19662	11586	9398	19834	19881	22912	11586
"228"	26528	28128	19417	26016	24144	15238	14614	27187	23305	31763	20175	16742	24583	16321	23838	14269	15565	10491	12645	14291	12827	19393	11800	9284	19201	18914	21088	11624
"229"	26462	28576	19728	25845	25034	15598	14165	27205	22691	32562	20423	16599	24941	16529	23847	14352	15348	10303	12894	14356	12451	20092	11947	9169	19282	19307	21329	11637
"230"	26145	27678	19631	25269	24875	15356	14421	27519	23687	32334	20277	16711	24684	16753	24022	14158	15424	10605	12731	14543	12570	19870	11840	9615	19361	19383	20509	11251
"231"	25840	27734	19327	25978	24746	15325	14057	27295	23378	32195	19934	16384	25031	16957	24284	14267	14842	10534	12691	14222	13049	19357	10994	9468	19901	19032	21357	11670
"232"	25494	28198	19666	25562	25148	14779	14299	26987	23670	32522	19773	16943	25181	17137	23761	14132	14904	10775	12852	14193	12195	19448	11540	9056	19357	19290	21491	11818
"233"	25330	28392	18641	25307	24575	14901	14353	27283	23721	32522	19856	17011	25261	17237	23736	14319	15129	10706	13307	14739	12356	19294	11205	9282	19982	18797	21554	11837
"234"	25048	27506	18942	25777	24874	15267	14330	27236	23897	32910	19812	16966	25010	16974	24422	14425	15127	10521	12680	14710	12822	19520	11404	9257	19983	19245	21130	11486
"235"	24861	27450	18258	25604	24645	15033	13902	27435	23626	32661	19945	16845	25668	17424	24297	14314	14759	10518	13253	14728	12386	19316	11340	9082	20338	19363	20586	11501
"236"	24286	26319	17862	24421	23822	15045	14036	27128	23750	32556	19940	16949	24907	17160	23821	13952	14758	10410	13099	14447	12279	18745	11507	9046	19416	18657	21137	11259
"237"	23872	26109	17706	24419	23023	14680	13778	26695	23719	32470	19696	16585	25044	17319	23724	13958	14496	10107	12546	14686	11813	17837	11938	8763	19310	18539	21630	11395
"238"	23772	25875	17941	24050	23439	14674	13710	26972	23800	32325	19633	16682	24955	17128	23587	14390	14181	10320	12255	14715	12358	19292	11347	8661	19352	18578	21146	11107
"239"	23782	26057	17487	24359	23512	14830	14049	27173	23765	32541	19246	16616	25342	17432	24012	14312	14679	9950	12795	14148	12701	18656	11185	8425	19401	18819	20608	11436
"240"	24044	26197	18394	24642	23691	14952	13746	27031	24346	32156	19346	16864	25466	17922	24385	14502	14401	10607	12525	14471	12448	19301	11578	8779	19556	18360	20067	11596
"241"	23701	26702	18189	24654	23479	14996	13612	27133	24264	32784	19298	17192	26173	18141	24946	14530	14125	10609	12936	14012	12560	19219	11543	8803	19929	18493	20794	11834
"242"	23773	26605	18481	24693	23892	14338	14028	27273	25233	33399	19298	17710	26374	18823	25202	14310	14754	10679	13415	14355	11920	18465	11682	8688	20342	18709	23118	11980
"243"	23858	27196	18626	24713	24512	14811	14066	27619	25634	34144	20259	17388	26978	19318	25355	15181	14786	10798	13502	14428	12758	18617	12337	8882	20913	18879	20744	11917
"244"	24394	27897	18476	25007	23760	15229	14346	28593	25378	34513	20088	17753	27473	19396	26154	15088	14596	10790	13050	14115	12651	19542	11834	9317	21076	18862	16292	12450
"245"	23528	26529	18308	24519	23756	14954	14225	28230	25213	34707	20318	17708	26995	19953	25641	14999	14539	11656	13362	14314	12575	18799	12289	9116	20823	18884	15421	12474
"246"	23371	26137	17794	24211	23391	15322	14000	28397	26015	34856	20356	17384	27338	19574	25635	14736	14456	11083	13555	14167	12644	18631	12251	8791	21541	18968	16423	11983
"247"	23427	26274	17237	23554	23431	15082	13934	28440	25916	34682	20067	17612	27252	19397	25443	14981	14697	8955	13254	14725	12683	18880	12103	9159	20819	18616	18394	12195
"248"	23333	26270	17586	23708	22788	15097	14506	28427	25856	34773	20324	17764	27533	19457	26095	14964	14356	7724	13462	14537	12651	18433	12200	8834	19586	18706	12234	12512
"249"	23843	26706	17909	24443	23690	14820	14339	28507	25784	35800	20631	18254	28251	20371	25776	14960	14740	8279	14188	14712	12928	19008	13004	8788	21459	18774	6940	13306
"250"	23981	26839	18342	24496	24131	15915	15235	29760	27251	37366	20635	19040	29777	21566	27524	15372	14611	9369	14408	14932	12851	19018	13506	9150	24058	19522	6989	12596
"251"	24409	27424	18933	24388	24656	15672	15477	30559	28175	38743	21336	19472	30783	22646	28010	16515	15288	7616	14472	15285	13760	19634	14120	9996	20429	19779	9253	11254
"252"	24608	28265	19487	24948	24907	16013	15589	30791	28320	39132	21658	20069	31884	23920	29121	16722	15442	6378	16201	15089	14005	19353	14194	9807	18252	20457	6742	11380
"253"	24816	28149	19501	25642	25485	15820	16459	31058	29429	40061	22488	20022	31926	24046	29439	16823	15689	6415	15449	15953	14048	19630	15512	8548	18869	19920	2790	12687
"254"	25230	28183	20108	26290	25695	15783	16006	31683	29762	40600	21909	20664	33064	24267	29045	16909	15674	8216	15358	16077	14257	19997	15204	8432	19796	20575	2431	11227
"255"	25292	28750	19428	25893	25719	16369	15234	31595	30081	40773	22034	20744	32298	24733	30021	17126	15720	5991	15166	15626	13693	20062	13389	9131	19571	20143	3166	10102
"256"	24927	28157	19511	25055	25385	15658	14290	31182	29996	40733	21993	20804	33262	24863	29591	16692	15395	2988	16258	16174	14301	19631	11851	8718	15750	20406	2904	9926
"257"	24981	27850	19333	25130	24914	15686	18564	31492	30795	41066	22149	21259	32955	25383	29455	16929	16011	2891	15795	15677	15430	19976	12391	7113	15319	20777	1118	10557
"258"	25212	28024	19716	25830	25935	15845	14075	32872	31099	42782	22248	21756	34166	25809	29931	17079	15963	3817	14246	16175	13339	21245	13105	6436	16581	20874	194	10682
"259"	26368	28339	20149	26616	26858	16665	655	33282	32533	44660	23898	23056	36712	27668	31242	18170	16341	3154	14898	16925	11526	21496	12251	6730	18899	21316	292	9987
"260"	26823	29859	21160	27142	27930	16688	765	35712	34648	47201	25098	25104	38694	29921	33109	19045	17330	1370	16727	17539	12287	21170	11203	8202	13974	22110	216	10740
"261"	27563	30797	21992	28453	29187	17682	1047	37829	36835	50767	26408	26008	41204	32567	34901	20086	17539	1406	16805	17804	13848	22556	11964	7217	9264	22846	45	12296
"262"	28385	31705	22981	29400	30315	18107	758	39243	38226	53166	27310	27910	44195	34994	37104	21341	18305	1621	15404	19428	13670	23155	13410	5298	10674	23866	0	12266
"263"	29226	32897	24282	30711	31685	18741	0	41271	40295	56157	28801	29403	45678	36437	37965	22945	18992	1697	15999	19267	12481	23768	14048	5456	13207	24663	0	10026
"264"	29792	33713	24931	31192	32369	19127	0	41594	41504	57630	28977	29920	46949	37747	38681	22276	19146	904	16806	20550	12388	23963	11017	6852	9602	25185	0	9114
"265"	29878	33900	24408	30993	32890	19080	0	41658	41767	58898	30026	30648	48027	38025	38816	20169	19312	350	16959	19991	13626	24434	8881	5368	5297	24911	0	10184
"266"	29639	33568	25310	31177	32135	19728	0	42643	42715	61155	30375	31578	49155	39070	40096	21205	19386	431	15974	21040	12910	24929	9402	3118	5223	25761	0	10237
"267"	30350	34400	24999	32184	33104	19520	0	44349	44043	63524	30659	32827	50798	40738	40962	22694	19789	487	15326	21782	9927	25418	11176	3219	6771	26203	0	7594
"268"	31437	34889	25731	33014	34412	20416	0	46856	46703	67149	33150	33934	53319	43564	43423	22388	20995	270	16649	22426	8889	27235	8448	4195	5847	26937	0	5155
"269"	32243	36217	27463	34163	36044	21175	0	47772	48606	70120	33864	36255	56457	46007	44557	19924	21770	69	17936	23018	10197	27661	4686	3371	3490	27950	0	5573
"270"	32755	37283	28169	35561	36699	22393	0	50660	51451	73046	35681	38621	59022	48928	47187	21580	22430	73	16754	24585	10683	28582	5062	1640	3453	29624	0	6367
"271"	33723	38895	29866	36303	37870	22516	0	52050	53257	78056	37542	40858	62039	51389	48942	22466	23831	126	14185	25071	7429	30160	6022	1460	4108	30898	0	5739
"272"	34639	40084	31131	38124	39943	24028	0	55433	56110	81481	39545	42555	65732	54599	51573	23221	24362	73	14690	26259	4446	31675	5008	1954	4127	31824	0	3716
"273"	36452	40970	33054	39920	41996	25347	0	58136	60612	89101	42018	45860	69903	57618	55194	21971	26157	0	17617	27925	4974	33332	3097	1921	2632	33290	0	4079
"274"	37851	43302	33873	41378	42973	25629	0	61101	63006	92912	43832	47912	73327	60595	56880	23403	27126	0	16085	29162	5519	34809	3189	925	1810	35307	0	4573
"275"	38431	44286	35023	42369	44472	27030	0	62856	66039	97389	45776	50984	76106	63412	58920	24841	27787	0	11620	29846	4422	35835	3888	483	2036	35674	0	4506
"276"	39577	45923	36569	43815	46424	28039	0	66027	68939	102177	46486	53184	80042	66891	61247	25456	28959	0	12243	31619	2578	37367	3439	602	2420	37501	0	3081
"277"	40971	46965	37705	45373	48443	28896	0	68710	72145	107996	50098	56149	83956	70084	63419	25008	30030	0	14275	32560	2724	38631	2457	664	1348	38170	0	3317
"278"	42777	48972	39673	47908	50961	30233	0	71987	77227	114307	52488	59260	87973	74604	67029	26346	31520	0	13295	35199	3289	41105	2603	346	227	41552	0	3729
"279"	44216	50529	41632	49510	52767	31717	0	75079	79818	121100	54767	62229	92714	78294	68888	28596	33119	0	8584	36534	2838	43100	3022	0	255	42426	0	3439
"280"	44712	51394	42813	50362	54184	33113	0	78724	83043	125314	51846	63734	95304	80538	71835	28362	34206	0	9046	38222	1806	44292	2798	0	308	44581	0	2565
"281"	46332	53418	44851	51598	55868	33097	0	80797	85352	129918	52742	66266	98857	83622	74641	23812	34735	0	10021	39234	1817	45566	1768	0	255	44343	0	2607
"282"	47974	54669	45494	53752	56844	35003	0	83295	88027	135830	58544	69637	102097	86123	77046	21551	36583	0	9322	39950	2234	47911	1411	0	0	46456	0	2952
"283"	49271	57271	48085	56095	59651	37003	0	88032	92875	143354	57965	72328	107055	89459	79767	23667	38187	0	6404	42652	1996	50451	1816	0	0	48259	0	2803
"284"	52088	59242	50920	58233	62666	39001	0	92376	98226	152189	37887	76760	111048	93872	84493	25538	40312	0	6646	45423	1050	51578	1508	0	0	52201	0	1791
"285"	54109	62042	53759	61693	65807	40860	0	98343	104664	160456	31990	80390	117044	98661	89497	21428	42613	0	7293	47465	1091	56512	298	0	0	53314	0	1952
"286"	55697	64822	56686	64427	68009	43770	0	104502	110394	172051	36680	85070	123604	103167	93198	16777	43603	0	7196	49224	1377	59216	326	0	0	56972	0	2261
"287"	58050	67266	59381	67233	71048	45399	0	109877	115875	180511	36832	88740	128633	109049	97880	17917	45762	0	5836	52869	1115	61401	404	0	0	58959	0	2036
"288"	60384	70723	62460	70390	73810	48240	0	115795	121869	191403	15414	93378	134545	113496	104298	19691	49047	0	5944	53852	335	66193	362	0	0	62621	0	881
"289"	62011	71785	64315	71849	75933	51070	0	118454	125265	197389	5270	95373	138279	115977	106238	17618	49339	0	6270	54227	305	68225	0	0	0	64458	0	915
"290"	63734	73262	66258	73438	78250	51533	0	122471	128424	202651	5941	97040	140863	117557	109885	12523	47500	0	6089	55264	384	68248	0	0	0	66656	0	837
"291"	65415	74649	67645	75025	78016	53799	0	123598	131015	208677	5568	99639	144002	118642	111325	12625	48147	0	4578	56427	333	70391	0	0	0	68691	0	433
"292"	65719	76709	69552	76620	80095	54596	0	127124	131946	215584	1504	100633	145911	119919	116087	14319	51348	0	4547	57615	0	73146	0	0	0	70457	0	0
"293"	67494	78626	71858	78508	80658	57760	0	130868	137727	219919	356	101553	148068	122448	118418	12956	52561	0	4901	53515	0	75520	0	0	0	72007	0	0
"294"	69018	80932	74568	80811	83832	59500	0	136162	142250	229185	414	104792	152468	122851	122118	8183	48637	0	5167	54269	0	76242	0	0	0	74401	0	0
"295"	70792	83210	77289	83022	86569	62600	0	140247	145883	235402	435	107887	156812	127796	125914	8325	49214	0	4075	59011	0	78393	0	0	0	78042	0	0
"296"	72927	84586	79680	84955	86956	63202	0	144251	150243	242398	0	108751	157588	126926	130334	8875	51263	0	2617	58802	0	83476	0	0	0	79718	0	0
"297"	74110	86994	81172	87047	88248	65668	0	148695	152360	247507	0	110517	160236	129138	133710	8564	51391	0	2671	54759	0	83474	0	0	0	79595	0	0
"298"	75862	88657	82410	89169	89244	67228	0	152448	156055	253996	0	109255	161934	128778	137532	6561	49497	0	3041	56273	0	80090	0	0	0	82579	0	0
"299"	76778	90672	85024	90577	91218	68959	0	154989	158138	257910	0	110494	163198	129824	141043	6458	49867	0	2753	58148	0	82617	0	0	0	85271	0	0
"300"	78509	90679	87574	91491	91956	67566	0	155420	160213	263067	0	112511	165863	129775	143347	7077	50839	0	498	59274	0	84672	0	0	0	85026	0	0
"301"	78623	91602	87321	91276	92201	69615	0	159218	160021	262751	0	110639	165187	128403	145081	6613	51387	0	511	56624	0	85000	0	0	0	84062	0	0
"302"	79787	92888	88393	92561	92368	71462	0	160190	160458	265023	0	106059	164383	129047	148112	4763	51562	0	578	57023	0	80245	0	0	0	85955	0	0
"303"	79956	93441	89056	93543	93131	70427	0	161437	162489	268037	0	106169	164507	128392	148571	4810	48857	0	559	57943	0	82281	0	0	0	86844	0	0
"304"	80840	94119	91725	94885	93423	68390	0	163431	163960	269315	0	107788	165229	124287	148893	4854	49674	0	0	57681	0	84269	0	0	0	86143	0	0
"305"	82420	95289	90083	95632	94206	70076	0	165609	165935	269980	0	104975	164777	123781	152128	4699	50957	0	0	56309	0	84244	0	0	0	86030	0	0
"306"	81982	96128	85019	95836	93266	71872	0	164956	165690	271825	0	92964	162839	122933	153228	3898	50394	0	0	55921	0	79255	0	0	0	86236	0	0
"307"	82027	95741	86257	94384	92287	71910	0	166026	163424	268179	0	92087	161570	121131	154851	4014	48156	0	0	57088	0	79548	0	0	0	86697	0	0
"308"	83157	96684	92613	94803	93344	67257	0	167503	165063	270946	0	93398	161276	113465	156545	4384	48291	0	0	57670	0	81954	0	0	0	86461	0	0
"309"	84421	97504	85590	96424	93262	68868	0	169247	165348	272713	0	90402	160237	112443	157458	3704	48877	0	0	57010	0	83907	0	0	0	85126	0	0
"310"	86012	99766	52052	97524	92901	71945	0	171253	166787	273944	0	74787	162846	112064	159688	2465	49373	0	0	57070	0	82202	0	0	0	85591	0	0
"311"	86448	98784	53831	98119	93338	71708	0	170899	167309	275808	0	73865	160766	111451	161249	2394	44904	0	0	58882	0	81612	0	0	0	87912	0	0
"312"	86271	99545	60311	97798	92933	69192	0	172715	166508	273805	0	76158	160905	102342	162140	2587	44880	0	0	58911	0	81321	0	0	0	86672	0	0
"313"	87089	98876	51745	97219	92544	70909	0	172944	165768	272720	0	72461	159952	97654	163066	2367	46326	0	0	55426	0	82058	0	0	0	79806	0	0
"314"	87192	99110	15014	96128	93204	69900	0	170872	164966	271318	0	48875	157407	98326	164697	1586	44934	0	0	55123	0	80550	0	0	0	81432	0	0
"315"	87044	99652	15103	96461	91490	70135	0	170353	162825	268336	0	48942	155931	95383	161852	1668	38101	0	0	54800	0	77468	0	0	0	81810	0	0
"316"	88254	98441	16448	96478	90891	68317	0	169940	160496	263121	0	49621	153397	81962	161731	1829	37816	0	0	53797	0	76992	0	0	0	79737	0	0
"317"	87889	97959	14308	95354	88684	68563	0	167034	159152	257991	0	46244	149715	68752	160266	1513	38817	0	0	50605	0	77006	0	0	0	73682	0	0
"318"	89038	96900	5544	94594	88604	68777	0	165278	157102	255489	0	30830	149313	68463	159683	281	37623	0	0	49004	0	76809	0	0	0	75524	0	0
"319"	90283	95261	5317	92668	87281	69270	0	163505	155961	251407	0	30326	146768	67099	159312	230	33742	0	0	48320	0	73568	0	0	0	74311	0	0
"320"	90933	95640	5980	92539	88009	65384	0	164289	154462	249982	0	32071	145639	57509	159229	264	33254	0	0	48384	0	72887	0	0	0	74275	0	0
"321"	89458	96648	5119	92261	86648	66999	0	163594	154004	247353	0	29535	144343	43897	160822	238	34252	0	0	45670	0	73951	0	0	0	71979	0	0
"322"	90386	97064	2116	91889	86017	67861	0	165511	153820	245402	0	14194	144646	43258	160807	0	33279	0	0	42278	0	73207	0	0	0	72466	0	0
"323"	89950	96869	2140	91319	86028	68083	0	163293	153325	243402	0	13917	143382	43916	162154	0	25828	0	0	42892	0	67106	0	0	0	71679	0	0
"324"	90937	96889	2440	90251	86133	66163	0	164273	152593	241744	0	14567	142442	37676	161813	0	25991	0	0	43134	0	69316	0	0	0	72369	0	0
"325"	90056	94506	1995	90224	84847	65139	0	160684	149561	237365	0	13460	139831	27041	158893	0	26042	0	0	40307	0	67511	0	0	0	68696	0	0
"326"	90234	92903	0	88508	83992	65937	0	158847	147926	232291	0	6318	137881	26934	157031	0	25560	0	0	37257	0	65607	0	0	0	68621	0	0
"327"	91540	92808	0	87902	82024	65329	0	157078	145912	227685	0	6306	135338	27908	156051	0	21523	0	0	36597	0	61681	0	0	0	69652	0	0
"328"	91457	92685	0	86533	81299	63673	0	155509	144522	223734	0	6419	134048	23206	155087	0	21397	0	0	37083	0	61070	0	0	0	69165	0	0
"329"	92567	92230	0	86191	80366	62931	0	152580	141986	218471	0	5948	131771	10593	153426	0	21428	0	0	36000	0	61913	0	0	0	67456	0	0
"330"	90873	92445	0	84944	80404	62490	0	151129	141852	215056	0	1409	131187	10582	153005	0	20963	0	0	31155	0	58953	0	0	0	65985	0	0
"331"	90090	91117	0	84388	79191	61841	0	150431	139989	211416	0	1415	129025	10826	152668	0	16109	0	0	30058	0	53232	0	0	0	64900	0	0
"332"	89449	89227	0	84054	78252	58740	0	147750	137868	207215	0	1514	126262	9694	150993	0	15952	0	0	30291	0	51395	0	0	0	65264	0	0
"333"	90637	88691	0	82346	76881	58228	0	147271	135829	204046	0	1314	126449	5410	149940	0	16387	0	0	29642	0	51064	0	0	0	63602	0	0
"334"	89960	88421	0	78656	76194	57396	0	143931	135933	201145	0	217	124725	5425	148774	0	15609	0	0	25552	0	50041	0	0	0	61293	0	0
"335"	88982	87850	0	78231	74774	57314	0	142542	133912	198123	0	212	123392	5877	146124	0	13451	0	0	24587	0	46936	0	0	0	61328	0	0
"336"	88879	86269	0	79263	74099	53444	0	141610	131421	192892	0	217	122270	5101	143769	0	13253	0	0	25094	0	46297	0	0	0	61722	0	0
"337"	89397	85694	0	75417	73617	52156	0	139050	128785	189291	0	193	119396	1797	141266	0	13141	0	0	23570	0	46263	0	0	0	61182	0	0
"338"	89876	84980	0	64190	72915	52197	0	138056	127031	185388	0	0	118053	1746	141200	0	12610	0	0	20362	0	44993	0	0	0	57125	0	0
"339"	90103	83243	0	64150	72325	51234	0	135528	126686	183475	0	0	116097	1875	141325	0	9251	0	0	20348	0	37867	0	0	0	57360	0	0
"340"	87906	82536	0	68979	71612	47493	0	133449	124250	178346	0	0	114318	1428	137123	0	9354	0	0	20082	0	38181	0	0	0	56572	0	0
"341"	86529	81519	0	60212	69887	45861	0	130562	121185	173282	0	0	110951	368	134938	0	9235	0	0	19094	0	37747	0	0	0	54668	0	0
"342"	85125	81692	0	37311	68391	46317	0	128871	118109	169019	0	0	108561	328	132169	0	9016	0	0	16610	0	36516	0	0	0	51215	0	0
"343"	84320	79246	0	37013	66804	44244	0	124896	115741	164372	0	0	106432	380	131250	0	7306	0	0	16435	0	31437	0	0	0	50307	0	0
"344"	83913	73293	0	41583	65982	40553	0	121928	114057	160326	0	0	105689	310	128543	0	6331	0	0	16313	0	31064	0	0	0	50788	0	0
"345"	82761	71197	0	34879	64865	38183	0	118977	110034	157752	0	0	102957	149	125092	0	6105	0	0	15440	0	30653	0	0	0	50429	0	0
"346"	81697	74716	0	17713	63395	37812	0	116368	108196	153183	0	0	99342	145	121061	0	6039	0	0	13522	0	29552	0	0	0	46201	0	0
"347"	80597	68365	0	17360	62360	36211	0	112276	105794	147860	0	0	97203	172	119309	0	5737	0	0	12982	0	25998	0	0	0	45574	0	0
"348"	79349	58294	0	19070	61790	34915	0	112032	103536	144691	0	0	97594	128	117375	0	5522	0	0	12807	0	25418	0	0	0	46122	0	0
"349"	79465	58207	0	16855	60518	33943	0	110070	101768	142833	0	0	94889	0	116232	0	5621	0	0	11937	0	25665	0	0	0	45698	0	0
"350"	77015	62372	0	9376	58904	32883	0	107826	100134	138433	0	0	92897	0	113468	0	5353	0	0	11365	0	24518	0	0	0	42027	0	0
"351"	75435	54692	0	7797	57797	31748	0	104740	97183	132432	0	0	89389	0	109937	0	4874	0	0	10838	0	21913	0	0	0	41694	0	0
"352"	73660	38224	0	8430	55449	29318	0	100004	94108	128261	0	0	87471	0	106917	0	4629	0	0	10734	0	21090	0	0	0	40056	0	0
"353"	71307	37209	0	7486	52695	27178	0	97446	91119	124557	0	0	84931	0	104136	0	4474	0	0	10498	0	20812	0	0	0	37927	0	0
"354"	70582	42185	0	5016	51955	26113	0	93729	87622	121033	0	0	81412	0	99943	0	4365	0	0	9136	0	19992	0	0	0	35731	0	0
"355"	68854	34969	0	3841	52109	25124	0	90828	84303	115508	0	0	78865	0	96730	0	3872	0	0	8502	0	17337	0	0	0	34912	0	0
"356"	66556	17122	0	4132	48681	22985	0	87672	80654	110337	0	0	76112	0	93808	0	3561	0	0	8569	0	16661	0	0	0	34082	0	0
"357"	65066	15733	0	4070	43843	20476	0	84812	78879	106208	0	0	73839	0	86787	0	3389	0	0	8212	0	16316	0	0	0	33108	0	0
"358"	64398	17539	0	2781	42279	19985	0	82235	76471	103458	0	0	71116	0	86649	0	3443	0	0	6694	0	15526	0	0	0	30378	0	0
"359"	62970	15493	0	1488	43783	19362	0	79174	74832	100487	0	0	69069	0	84321	0	3255	0	0	6590	0	13770	0	0	0	29851	0	0
"360"	61561	8485	0	1411	41104	18689	0	77488	71655	96594	0	0	67230	0	81314	0	2734	0	0	6451	0	13462	0	0	0	29684	0	0
"361"	60181	6681	0	1757	33545	17151	0	74590	68769	93422	0	0	65949	0	79272	0	2526	0	0	5846	0	12829	0	0	0	27839	0	0
"362"	57491	6949	0	1208	32805	17115	0	72346	66882	91052	0	0	61994	0	76831	0	2584	0	0	4932	0	12010	0	0	0	24747	0	0
"363"	55377	6395	0	247	35032	16256	0	68883	65067	86195	0	0	59998	0	73447	0	2357	0	0	5026	0	10734	0	0	0	24058	0	0
"364"	54030	4080	0	226	30454	15223	0	65516	62509	83697	0	0	58747	0	70230	0	2095	0	0	4819	0	10045	0	0	0	24311	0	0
"365"	52360	3308	0	356	20392	13080	0	63401	59562	79037	0	0	55364	0	67334	0	1953	0	0	4415	0	9908	0	0	0	22354	0	0
"366"	50668	3406	0	207	19682	12343	0	60275	56517	76294	0	0	52281	0	63706	0	1972	0	0	4084	0	9566	0	0	0	20295	0	0
"367"	48833	3307	0	0	21141	11934	0	57849	53766	71927	0	0	50085	0	61466	0	1702	0	0	3823	0	8576	0	0	0	19324	0	0
"368"	47930	2155	0	0	18138	11262	0	55121	51465	68227	0	0	48457	0	59451	0	1313	0	0	3702	0	8282	0	0	0	19409	0	0
"369"	46100	1455	0	0	12619	10576	0	53371	49777	66731	0	0	46361	0	56787	0	1315	0	0	3681	0	8027	0	0	0	18491	0	0
"370"	44851	1584	0	0	12298	10343	0	51212	48063	63751	0	0	43807	0	54729	0	1338	0	0	3311	0	7469	0	0	0	16469	0	0
"371"	43087	1782	0	0	13446	10306	0	50029	45971	61714	0	0	42355	0	50949	0	1202	0	0	3071	0	6066	0	0	0	15943	0	0
"372"	42083	1288	0	0	11422	9166	0	48036	44086	58065	0	0	41212	0	49708	0	971	0	0	2918	0	5996	0	0	0	15207	0	0
"373"	40996	342	0	0	7831	7589	0	46115	41956	56008	0	0	39204	0	47335	0	937	0	0	2919	0	5589	0	0	0	14918	0	0
"374"	38981	351	0	0	7822	7608	0	43750	40572	52602	0	0	35660	0	45709	0	877	0	0	2667	0	5389	0	0	0	13013	0	0
"375"	37537	336	0	0	8883	7385	0	41934	37920	51087	0	0	34811	0	43844	0	901	0	0	2484	0	4860	0	0	0	12770	0	0
"376"	35968	371	0	0	7110	6872	0	40123	36878	48003	0	0	33231	0	41452	0	785	0	0	2402	0	4510	0	0	0	12871	0	0
"377"	34800	295	0	0	4328	5930	0	38236	35182	46298	0	0	30621	0	38866	0	664	0	0	2255	0	4335	0	0	0	11808	0	0
"378"	33715	356	0	0	4210	5819	0	36663	33483	43897	0	0	28951	0	37539	0	687	0	0	2018	0	4275	0	0	0	10520	0	0
"379"	32117	367	0	0	4254	5661	0	34773	32265	42144	0	0	27727	0	35505	0	659	0	0	1951	0	3761	0	0	0	10353	0	0
"380"	30989	285	0	0	3838	5227	0	33731	30528	39466	0	0	26956	0	34043	0	585	0	0	1901	0	3748	0	0	0	9825	0	0
"381"	29803	158	0	0	3088	4801	0	32165	29306	37993	0	0	25386	0	32610	0	554	0	0	1815	0	3780	0	0	0	9569	0	0
"382"	28520	144	0	0	2935	4603	0	31073	28375	36008	0	0	23632	0	31332	0	587	0	0	1539	0	3480	0	0	0	8623	0	0
"383"	27459	139	0	0	3262	4543	0	29976	27118	34607	0	0	22506	0	30109	0	427	0	0	1563	0	2778	0	0	0	8015	0	0
"384"	26175	131	0	0	2729	4195	0	28361	25829	33094	0	0	21671	0	28211	0	328	0	0	1483	0	2744	0	0	0	7943	0	0
"385"	26544	120	0	0	2150	3705	0	26877	25052	31781	0	0	21316	0	27756	0	299	0	0	1387	0	2680	0	0	0	7533	0	0
"386"	24226	130	0	0	2067	3428	0	25935	23475	30222	0	0	19619	0	26027	0	339	0	0	1162	0	2415	0	0	0	7132	0	0
"387"	22455	117	0	0	2098	3349	0	24726	22860	28298	0	0	18809	0	24587	0	284	0	0	1061	0	2211	0	0	0	6829	0	0
"388"	21760	138	0	0	1889	3027	0	23486	21718	27542	0	0	18325	0	23427	0	153	0	0	1117	0	2152	0	0	0	6676	0	0
"389"	21960	127	0	0	1698	2724	0	22567	20999	26413	0	0	17171	0	22255	0	129	0	0	950	0	1921	0	0	0	6134	0	0
"390"	20545	101	0	0	1743	2666	0	21943	20331	25167	0	0	16166	0	21538	0	153	0	0	891	0	2013	0	0	0	5564	0	0
"391"	18470	149	0	0	1702	2650	0	20784	19671	24724	0	0	15869	0	21018	0	103	0	0	802	0	1820	0	0	0	5329	0	0
"392"	17637	98	0	0	1533	2427	0	19989	19199	23117	0	0	15239	0	20135	0	41	0	0	805	0	1731	0	0	0	5359	0	0
"393"	18201	0	0	0	1128	2041	0	19035	18180	22493	0	0	15006	0	19130	0	31	0	0	759	0	1687	0	0	0	5060	0	0
"394"	16664	0	0	0	1099	1967	0	18835	17845	22240	0	0	14775	0	18021	0	34	0	0	708	0	1571	0	0	0	4421	0	0
"395"	14797	0	0	0	1102	1930	0	17753	16777	21010	0	0	13669	0	18164	0	44	0	0	668	0	1529	0	0	0	4023	0	0
"396"	14081	0	0	0	1056	1814	0	17449	16397	20289	0	0	12731	0	16974	0	33	0	0	656	0	1401	0	0	0	4261	0	0
"397"	15094	0	0	0	886	1685	0	17062	15591	19504	0	0	11982	0	16496	0	0	0	0	593	0	1348	0	0	0	3754	0	0
"398"	13145	0	0	0	919	1520	0	16096	16141	18855	0	0	11534	0	15785	0	0	0	0	636	0	1301	0	0	0	3468	0	0
"399"	10550	0	0	0	1148	1430	0	16024	15160	18390	0	0	11398	0	15309	0	0	0	0	598	0	1276	0	0	0	3346	0	0
"400"	9943	0	0	0	893	1435	0	15014	14775	17789	0	0	11252	0	14711	0	0	0	0	476	0	1283	0	0	0	3281	0	0
"401"	10945	0	0	0	441	1450	0	14650	14107	17317	0	0	10778	0	14552	0	0	0	0	525	0	1109	0	0	0	3190	0	0
"402"	9284	0	0	0	443	1440	0	14537	14246	17029	0	0	9991	0	14213	0	0	0	0	466	0	1076	0	0	0	2794	0	0
"403"	7224	0	0	0	510	1217	0	14212	13817	17021	0	0	9942	0	14284	0	0	0	0	460	0	1044	0	0	0	2499	0	0
"404"	7020	0	0	0	391	1295	0	13765	13314	16108	0	0	9981	0	13728	0	0	0	0	512	0	977	0	0	0	2594	0	0
"405"	7754	0	0	0	246	1191	0	13391	13103	15837	0	0	9490	0	13164	0	0	0	0	442	0	969	0	0	0	2387	0	0
"406"	6592	0	0	0	266	1089	0	13002	12795	15651	0	0	9289	0	13115	0	0	0	0	457	0	976	0	0	0	2215	0	0
"407"	5155	0	0	0	318	1111	0	12702	12838	15060	0	0	8831	0	12821	0	0	0	0	405	0	981	0	0	0	2203	0	0
"408"	4886	0	0	0	227	1124	0	12854	12525	15439	0	0	8608	0	12400	0	0	0	0	452	0	958	0	0	0	2147	0	0
"409"	4876	0	0	0	80	1056	0	12361	12625	15162	0	0	8766	0	12247	0	0	0	0	443	0	817	0	0	0	2094	0	0
"410"	5009	0	0	0	69	1123	0	12312	12517	15174	0	0	8553	0	12415	0	0	0	0	403	0	827	0	0	0	2205	0	0
"411"	5288	0	0	0	133	1043	0	11997	12764	15336	0	0	8696	0	12116	0	0	0	0	416	0	855	0	0	0	2067	0	0
"412"	4553	0	0	0	68	1021	0	12301	13340	14798	0	0	8206	0	12145	0	0	0	0	368	0	828	0	0	0	1929	0	0
"413"	3698	0	0	0	0	952	0	12403	12885	15283	0	0	7882	0	12353	0	0	0	0	398	0	824	0	0	0	2089	0	0
"414"	3658	0	0	0	0	1056	0	11881	12751	15178	0	0	7933	0	12293	0	0	0	0	438	0	814	0	0	0	1977	0	0
"415"	3597	0	0	0	0	1026	0	12262	12810	15182	0	0	7962	0	11910	0	0	0	0	407	0	744	0	0	0	1930	0	0
"416"	3809	0	0	0	0	1007	0	12063	12834	15022	0	0	8062	0	11966	0	0	0	0	439	0	737	0	0	0	1915	0	0
"417"	3820	0	0	0	0	950	0	11677	12762	14550	0	0	8052	0	12023	0	0	0	0	383	0	777	0	0	0	1811	0	0
"418"	3101	0	0	0	0	938	0	11566	12369	14963	0	0	7188	0	12135	0	0	0	0	360	0	772	0	0	0	1838	0	0
"419"	2502	0	0	0	0	904	0	11507	12869	14826	0	0	7365	0	12178	0	0	0	0	392	0	716	0	0	0	1754	0	0
"420"	2528	0	0	0	0	971	0	11494	12608	14756	0	0	7318	0	12135	0	0	0	0	379	0	705	0	0	0	1721	0	0
"421"	2699	0	0	0	0	894	0	11596	12946	14654	0	0	7330	0	12206	0	0	0	0	357	0	691	0	0	0	1656	0	0
"422"	2735	0	0	0	0	1024	0	12149	13450	15353	0	0	7258	0	12568	0	0	0	0	421	0	711	0	0	0	1693	0	0
"423"	2584	0	0	0	0	920	0	12239	13153	15831	0	0	7174	0	12780	0	0	0	0	384	0	761	0	0	0	1704	0	0
"424"	2288	0	0	0	0	967	0	12295	13453	16119	0	0	7332	0	13320	0	0	0	0	381	0	740	0	0	0	1695	0	0
"425"	2078	0	0	0	0	842	0	12731	14113	16447	0	0	7658	0	13090	0	0	0	0	363	0	722	0	0	0	1723	0	0
"426"	1892	0	0	0	0	850	0	12641	14034	16813	0	0	7229	0	13562	0	0	0	0	365	0	718	0	0	0	1656	0	0
"427"	2000	0	0	0	0	855	0	12584	14001	17056	0	0	6775	0	13453	0	0	0	0	371	0	738	0	0	0	1532	0	0
"428"	2111	0	0	0	0	959	0	12674	13999	17006	0	0	6916	0	13729	0	0	0	0	363	0	749	0	0	0	1615	0	0
"429"	1789	0	0	0	0	897	0	12504	14206	17376	0	0	6821	0	13407	0	0	0	0	344	0	844	0	0	0	1592	0	0
"430"	1363	0	0	0	0	973	0	12985	14732	17381	0	0	6825	0	14325	0	0	0	0	354	0	878	0	0	0	1564	0	0
"431"	1160	0	0	0	0	903	0	13181	15021	17633	0	0	6518	0	14573	0	0	0	0	419	0	840	0	0	0	1616	0	0
"432"	1198	0	0	0	0	971	0	13542	15895	18564	0	0	6627	0	15034	0	0	0	0	444	0	825	0	0	0	1599	0	0
"433"	1212	0	0	0	0	918	0	14026	15837	19009	0	0	7000	0	15820	0	0	0	0	368	0	836	0	0	0	1622	0	0
"434"	1280	0	0	0	0	982	0	14166	16325	19921	0	0	6725	0	15982	0	0	0	0	403	0	771	0	0	0	1654	0	0
"435"	1132	0	0	0	0	1090	0	14575	16321	19659	0	0	6663	0	16052	0	0	0	0	372	0	873	0	0	0	1655	0	0
"436"	1037	0	0	0	0	968	0	14285	16615	19499	0	0	6255	0	16238	0	0	0	0	393	0	953	0	0	0	1497	0	0
"437"	1107	0	0	0	0	891	0	14487	16249	19406	0	0	6198	0	15825	0	0	0	0	408	0	861	0	0	0	1575	0	0
"438"	1169	0	0	0	0	891	0	14324	16598	19429	0	0	6111	0	16130	0	0	0	0	377	0	841	0	0	0	1669	0	0
"439"	1066	0	0	0	0	966	0	14681	16762	19317	0	0	6091	0	16388	0	0	0	0	399	0	843	0	0	0	1693	0	0
"440"	906	0	0	0	0	1019	0	14306	17168	19865	0	0	6295	0	16648	0	0	0	0	403	0	893	0	0	0	1668	0	0
"441"	724	0	0	0	0	1014	0	14763	17469	20266	0	0	6290	0	17283	0	0	0	0	373	0	917	0	0	0	1673	0	0
"442"	650	0	0	0	0	990	0	15671	18609	20669	0	0	6118	0	17794	0	0	0	0	374	0	934	0	0	0	1759	0	0
"443"	704	0	0	0	0	1073	0	15954	18409	21762	0	0	6143	0	18283	0	0	0	0	411	0	962	0	0	0	1765	0	0
"444"	813	0	0	0	0	1107	0	15921	19073	21652	0	0	6153	0	19081	0	0	0	0	421	0	976	0	0	0	1687	0	0
"445"	524	0	0	0	0	1101	0	16064	19291	21441	0	0	6160	0	19238	0	0	0	0	404	0	1108	0	0	0	1699	0	0
"446"	261	0	0	0	0	1042	0	15809	18819	20669	0	0	5763	0	18998	0	0	0	0	412	0	979	0	0	0	1678	0	0
"447"	338	0	0	0	0	1090	0	15776	18911	20435	0	0	5637	0	18660	0	0	0	0	447	0	998	0	0	0	1670	0	0
"448"	295	0	0	0	0	1043	0	15632	18915	20043	0	0	5443	0	19112	0	0	0	0	403	0	1083	0	0	0	1706	0	0
"449"	292	0	0	0	0	1093	0	15828	19413	19409	0	0	5337	0	19260	0	0	0	0	389	0	996	0	0	0	1565	0	0
"450"	306	0	0	0	0	1145	0	16065	19641	19767	0	0	5321	0	19596	0	0	0	0	356	0	1035	0	0	0	1619	0	0
"451"	306	0	0	0	0	1088	0	16397	20035	20322	0	0	5445	0	19461	0	0	0	0	423	0	1153	0	0	0	1634	0	0
"452"	294	0	0	0	0	1122	0	16433	20443	20188	0	0	5170	0	20724	0	0	0	0	446	0	1156	0	0	0	1745	0	0
"453"	333	0	0	0	0	1133	0	16263	20791	20435	0	0	5212	0	21124	0	0	0	0	469	0	1087	0	0	0	1659	0	0
"454"	310	0	0	0	0	1097	0	16470	21206	19866	0	0	4989	0	21208	0	0	0	0	457	0	1112	0	0	0	1568	0	0
"455"	372	0	0	0	0	1116	0	15968	21531	18887	0	0	4712	0	20705	0	0	0	0	344	0	1160	0	0	0	1575	0	0
"456"	343	0	0	0	0	1113	0	15480	21187	19046	0	0	4439	0	21362	0	0	0	0	415	0	1198	0	0	0	1699	0	0
"457"	294	0	0	0	0	1078	0	15330	20952	18780	0	0	4267	0	20945	0	0	0	0	419	0	1208	0	0	0	1558	0	0
"458"	259	0	0	0	0	1096	0	15880	21502	18818	0	0	3615	0	21766	0	0	0	0	435	0	1051	0	0	0	1656	0	0
"459"	188	0	0	0	0	1123	0	15825	21533	18612	0	0	3256	0	22131	0	0	0	0	423	0	1172	0	0	0	1560	0	0
"460"	158	0	0	0	0	1133	0	15690	21515	18763	0	0	3323	0	21943	0	0	0	0	364	0	1149	0	0	0	1404	0	0
"461"	99	0	0	0	0	1220	0	15355	22041	17975	0	0	2896	0	21709	0	0	0	0	357	0	998	0	0	0	1483	0	0
"462"	142	0	0	0	0	1174	0	15104	21373	17600	0	0	2607	0	22015	0	0	0	0	371	0	1126	0	0	0	1599	0	0
"463"	84	0	0	0	0	1118	0	14816	20970	16730	0	0	2614	0	22117	0	0	0	0	358	0	1060	0	0	0	1496	0	0
"464"	0	0	0	0	0	1174	0	13937	21144	15907	0	0	2714	0	22027	0	0	0	0	391	0	1048	0	0	0	1453	0	0
"465"	0	0	0	0	0	1122	0	13494	21617	15394	0	0	2541	0	21638	0	0	0	0	342	0	1123	0	0	0	1428	0	0
"466"	0	0	0	0	0	1168	0	13912	21023	15396	0	0	2213	0	20971	0	0	0	0	365	0	1120	0	0	0	1292	0	0
"467"	0	0	0	0	0	1222	0	13538	20392	15099	0	0	2163	0	21458	0	0	0	0	382	0	942	0	0	0	1356	0	0
"468"	0	0	0	0	0	1181	0	12712	20681	14324	0	0	2219	0	21444	0	0	0	0	412	0	977	0	0	0	1390	0	0
"469"	0	0	0	0	0	1154	0	12440	20654	13900	0	0	2195	0	21371	0	0	0	0	379	0	1009	0	0	0	1335	0	0
"470"	0	0	0	0	0	1052	0	12507	21100	13784	0	0	1886	0	21277	0	0	0	0	410	0	965	0	0	0	1388	0	0
"471"	0	0	0	0	0	1046	0	12335	20113	13361	0	0	1850	0	20424	0	0	0	0	363	0	929	0	0	0	1235	0	0
"472"	0	0	0	0	0	1053	0	11390	19792	12935	0	0	2083	0	20348	0	0	0	0	435	0	876	0	0	0	1391	0	0
"473"	0	0	0	0	0	988	0	11147	19966	12451	0	0	1806	0	19666	0	0	0	0	400	0	820	0	0	0	1354	0	0
"474"	0	0	0	0	0	985	0	11384	19546	12440	0	0	1539	0	19873	0	0	0	0	329	0	869	0	0	0	1248	0	0
"475"	0	0	0	0	0	932	0	10995	19774	12369	0	0	1618	0	19913	0	0	0	0	346	0	853	0	0	0	1166	0	0
"476"	0	0	0	0	0	912	0	10555	19402	11685	0	0	1693	0	19142	0	0	0	0	378	0	766	0	0	0	1073	0	0
"477"	0	0	0	0	0	881	0	10305	20093	11422	0	0	1510	0	19364	0	0	0	0	347	0	791	0	0	0	1116	0	0
"478"	0	0	0	0	0	874	0	10314	19658	11648	0	0	1172	0	19739	0	0	0	0	316	0	818	0	0	0	1098	0	0
"479"	0	0	0	0	0	917	0	10216	19055	11399	0	0	1134	0	19189	0	0	0	0	255	0	823	0	0	0	1140	0	0
"480"	0	0	0	0	0	908	0	9906	19374	10998	0	0	1341	0	18708	0	0	0	0	259	0	776	0	0	0	1129	0	0
"481"	0	0	0	0	0	899	0	9878	19371	11147	0	0	1113	0	18335	0	0	0	0	239	0	749	0	0	0	1117	0	0
"482"	0	0	0	0	0	888	0	9909	19177	11321	0	0	780	0	18288	0	0	0	0	214	0	751	0	0	0	1046	0	0
"483"	0	0	0	0	0	827	0	9911	18347	11121	0	0	772	0	18768	0	0	0	0	177	0	676	0	0	0	1066	0	0
"484"	0	0	0	0	0	864	0	9029	18878	10034	0	0	833	0	17971	0	0	0	0	229	0	733	0	0	0	1057	0	0
"485"	0	0	0	0	0	829	0	8664	18691	9380	0	0	773	0	17998	0	0	0	0	217	0	690	0	0	0	1019	0	0
"486"	0	0	0	0	0	885	0	8978	18423	9632	0	0	728	0	18020	0	0	0	0	166	0	702	0	0	0	1018	0	0
"487"	0	0	0	0	0	925	0	8640	18583	9534	0	0	773	0	17564	0	0	0	0	139	0	679	0	0	0	1129	0	0
"488"	0	0	0	0	0	842	0	8258	17971	8716	0	0	761	0	17393	0	0	0	0	156	0	675	0	0	0	1049	0	0
"489"	0	0	0	0	0	788	0	8370	18142	8532	0	0	750	0	17579	0	0	0	0	145	0	690	0	0	0	1208	0	0
"490"	0	0	0	0	0	865	0	7963	18536	8518	0	0	708	0	17545	0	0	0	0	140	0	694	0	0	0	1040	0	0
"491"	0	0	0	0	0	819	0	8270	18135	8716	0	0	708	0	17369	0	0	0	0	157	0	686	0	0	0	1029	0	0
"492"	0	0	0	0	0	829	0	7565	18074	8141	0	0	829	0	17193	0	0	0	0	165	0	738	0	0	0	1073	0	0
"493"	0	0	0	0	0	777	0	7526	18223	8048	0	0	661	0	17065	0	0	0	0	177	0	699	0	0	0	986	0	0
"494"	0	0	0	0	0	876	0	7623	17914	7921	0	0	520	0	17291	0	0	0	0	114	0	720	0	0	0	1021	0	0
"495"	0	0	0	0	0	876	0	7733	17276	8268	0	0	570	0	17313	0	0	0	0	124	0	724	0	0	0	1083	0	0
"496"	0	0	0	0	0	830	0	7016	17501	7686	0	0	559	0	16223	0	0	0	0	121	0	599	0	0	0	1022	0	0
"497"	0	0	0	0	0	765	0	7286	17681	7233	0	0	547	0	16515	0	0	0	0	134	0	610	0	0	0	1013	0	0
"498"	0	0	0	0	0	774	0	7361	17003	7277	0	0	320	0	16533	0	0	0	0	92	0	565	0	0	0	1004	0	0
"499"	0	0	0	0	0	775	0	7113	17007	7436	0	0	307	0	16573	0	0	0	0	68	0	570	0	0	0	1009	0	0
"500"	0	0	0	0	0	766	0	6785	16903	6496	0	0	349	0	16532	0	0	0	0	75	0	627	0	0	0	1026	0	0
"501"	0	0	0	0	0	683	0	6688	16790	6023	0	0	273	0	15780	0	0	0	0	58	0	603	0	0	0	1053	0	0
"502"	0	0	0	0	0	689	0	6971	16968	6133	0	0	251	0	16257	0	0	0	0	78	0	605	0	0	0	1032	0	0
"503"	0	0	0	0	0	697	0	6979	16150	6060	0	0	215	0	15902	0	0	0	0	85	0	557	0	0	0	1015	0	0
"504"	0	0	0	0	0	773	0	6415	15551	5852	0	0	238	0	15678	0	0	0	0	84	0	539	0	0	0	994	0	0
"505"	0	0	0	0	0	696	0	6039	15909	5661	0	0	231	0	15604	0	0	0	0	79	0	590	0	0	0	1016	0	0
"506"	0	0	0	0	0	695	0	6429	15628	5787	0	0	137	0	15817	0	0	0	0	76	0	553	0	0	0	965	0	0
"507"	0	0	0	0	0	684	0	6202	14981	5489	0	0	161	0	15283	0	0	0	0	85	0	572	0	0	0	917	0	0
"508"	0	0	0	0	0	670	0	5911	15373	5167	0	0	202	0	14621	0	0	0	0	55	0	543	0	0	0	846	0	0
"509"	0	0	0	0	0	685	0	5766	15539	4994	0	0	169	0	14995	0	0	0	0	110	0	528	0	0	0	903	0	0
"510"	0	0	0	0	0	705	0	5790	14861	4989	0	0	72	0	14563	0	0	0	0	70	0	587	0	0	0	883	0	0
"511"	0	0	0	0	0	706	0	5667	13831	4904	0	0	84	0	14259	0	0	0	0	33	0	545	0	0	0	847	0	0
"512"	0	0	0	0	0	669	0	5353	14157	4561	0	0	95	0	14118	0	0	0	0	33	0	454	0	0	0	867	0	0
"513"	0	0	0	0	0	606	0	5261	14104	4020	0	0	71	0	13755	0	0	0	0	43	0	443	0	0	0	855	0	0
"514"	0	0	0	0	0	636	0	5339	13602	4356	0	0	61	0	14003	0	0	0	0	24	0	407	0	0	0	856	0	0
"515"	0	0	0	0	0	652	0	5471	13005	4334	0	0	80	0	13777	0	0	0	0	50	0	452	0	0	0	928	0	0
"516"	0	0	0	0	0	677	0	4998	13225	3862	0	0	72	0	12596	0	0	0	0	26	0	442	0	0	0	907	0	0
"517"	0	0	0	0	0	631	0	4395	13145	3464	0	0	78	0	12199	0	0	0	0	32	0	477	0	0	0	844	0	0
"518"	0	0	0	0	0	613	0	4549	12826	3559	0	0	39	0	12209	0	0	0	0	34	0	429	0	0	0	903	0	0
"519"	0	0	0	0	0	658	0	4466	12111	3410	0	0	37	0	12230	0	0	0	0	48	0	434	0	0	0	813	0	0
"520"	0	0	0	0	0	534	0	4099	12253	3070	0	0	20	0	11545	0	0	0	0	32	0	465	0	0	0	746	0	0
"521"	0	0	0	0	0	560	0	4036	12450	2817	0	0	38	0	10964	0	0	0	0	28	0	447	0	0	0	813	0	0
"522"	0	0	0	0	0	506	0	4032	11957	2972	0	0	33	0	10957	0	0	0	0	33	0	419	0	0	0	819	0	0
"523"	0	0	0	0	0	585	0	3970	10712	2921	0	0	28	0	10960	0	0	0	0	29	0	417	0	0	0	813	0	0
"524"	0	0	0	0	0	533	0	3586	10738	2516	0	0	64	0	10547	0	0	0	0	34	0	409	0	0	0	794	0	0
"525"	0	0	0	0	0	521	0	3390	10752	2363	0	0	39	0	10304	0	0	0	0	30	0	407	0	0	0	754	0	0
"526"	0	0	0	0	0	511	0	3596	10740	2246	0	0	0	0	10219	0	0	0	0	42	0	416	0	0	0	780	0	0
"527"	0	0	0	0	0	496	0	3434	9847	2195	0	0	0	0	9674	0	0	0	0	27	0	413	0	0	0	786	0	0
"528"	0	0	0	0	0	458	0	3222	9649	2225	0	0	0	0	9429	0	0	0	0	39	0	382	0	0	0	731	0	0
"529"	0	0	0	0	0	487	0	3033	9561	1959	0	0	0	0	9019	0	0	0	0	22	0	349	0	0	0	706	0	0
"530"	0	0	0	0	0	454	0	2944	9441	2093	0	0	0	0	8876	0	0	0	0	20	0	400	0	0	0	742	0	0
"531"	0	0	0	0	0	481	0	3042	8642	2027	0	0	0	0	8907	0	0	0	0	30	0	325	0	0	0	760	0	0
"532"	0	0	0	0	0	446	0	2780	8934	1662	0	0	0	0	8456	0	0	0	0	25	0	312	0	0	0	716	0	0
"533"	0	0	0	0	0	448	0	2580	8572	1517	0	0	0	0	8529	0	0	0	0	22	0	331	0	0	0	748	0	0
"534"	0	0	0	0	0	444	0	2606	8495	1651	0	0	0	0	7977	0	0	0	0	30	0	356	0	0	0	746	0	0
"535"	0	0	0	0	0	420	0	2606	7650	1548	0	0	0	0	8020	0	0	0	0	25	0	283	0	0	0	706	0	0
"536"	0	0	0	0	0	424	0	2227	7528	1422	0	0	0	0	7797	0	0	0	0	30	0	311	0	0	0	707	0	0
"537"	0	0	0	0	0	422	0	1902	7559	1197	0	0	0	0	7394	0	0	0	0	33	0	335	0	0	0	700	0	0
"538"	0	0	0	0	0	393	0	1967	7360	1188	0	0	0	0	7459	0	0	0	0	31	0	309	0	0	0	696	0	0
"539"	0	0	0	0	0	348	0	2030	7012	1145	0	0	0	0	7330	0	0	0	0	0	0	330	0	0	0	698	0	0
"540"	0	0	0	0	0	380	0	1674	6860	906	0	0	0	0	7073	0	0	0	0	0	0	296	0	0	0	724	0	0
"541"	0	0	0	0	0	346	0	1364	6871	773	0	0	0	0	6619	0	0	0	0	0	0	272	0	0	0	659	0	0
"542"	0	0	0	0	0	374	0	1348	6600	788	0	0	0	0	6311	0	0	0	0	0	0	244	0	0	0	610	0	0
"543"	0	0	0	0	0	352	0	1402	6338	745	0	0	0	0	6370	0	0	0	0	0	0	280	0	0	0	632	0	0
"544"	0	0	0	0	0	357	0	1245	6344	717	0	0	0	0	6162	0	0	0	0	0	0	233	0	0	0	601	0	0
"545"	0	0	0	0	0	369	0	1074	6179	606	0	0	0	0	5678	0	0	0	0	0	0	220	0	0	0	603	0	0
"546"	0	0	0	0	0	335	0	1024	5802	576	0	0	0	0	5746	0	0	0	0	0	0	200	0	0	0	651	0	0
"547"	0	0	0	0	0	286	0	1044	5220	617	0	0	0	0	5638	0	0	0	0	0	0	217	0	0	0	579	0	0
"548"	0	0	0	0	0	343	0	939	5399	542	0	0	0	0	5551	0	0	0	0	0	0	239	0	0	0	572	0	0
"549"	0	0	0	0	0	281	0	662	5374	395	0	0	0	0	4767	0	0	0	0	0	0	230	0	0	0	650	0	0
"550"	0	0	0	0	0	323	0	663	5021	406	0	0	0	0	4881	0	0	0	0	0	0	223	0	0	0	606	0	0
"551"	0	0	0	0	0	300	0	693	4684	422	0	0	0	0	4823	0	0	0	0	0	0	212	0	0	0	533	0	0
"552"	0	0	0	0	0	291	0	573	4484	344	0	0	0	0	4526	0	0	0	0	0	0	154	0	0	0	463	0	0
"553"	0	0	0	0	0	271	0	375	4578	281	0	0	0	0	3988	0	0	0	0	0	0	171	0	0	0	519	0	0
"554"	0	0	0	0	0	295	0	372	4255	252	0	0	0	0	3942	0	0	0	0	0	0	172	0	0	0	440	0	0
"555"	0	0	0	0	0	261	0	382	3907	285	0	0	0	0	4245	0	0	0	0	0	0	162	0	0	0	423	0	0
"556"	0	0	0	0	0	253	0	329	3657	266	0	0	0	0	3798	0	0	0	0	0	0	135	0	0	0	437	0	0
"557"	0	0	0	0	0	255	0	285	3796	182	0	0	0	0	3428	0	0	0	0	0	0	145	0	0	0	395	0	0
"558"	0	0	0	0	0	228	0	292	3589	179	0	0	0	0	3446	0	0	0	0	0	0	138	0	0	0	419	0	0
"559"	0	0	0	0	0	241	0	286	3339	149	0	0	0	0	3402	0	0	0	0	0	0	121	0	0	0	360	0	0
"560"	0	0	0	0	0	231	0	257	3251	146	0	0	0	0	3210	0	0	0	0	0	0	68	0	0	0	386	0	0
"561"	0	0	0	0	0	198	0	239	3180	142	0	0	0	0	2844	0	0	0	0	0	0	86	0	0	0	381	0	0
"562"	0	0	0	0	0	233	0	256	2994	129	0	0	0	0	2606	0	0	0	0	0	0	57	0	0	0	372	0	0
"563"	0	0	0	0	0	179	0	185	2714	139	0	0	0	0	2842	0	0	0	0	0	0	65	0	0	0	290	0	0
"564"	0	0	0	0	0	202	0	193	2649	128	0	0	0	0	2632	0	0	0	0	0	0	57	0	0	0	328	0	0
"565"	0	0	0	0	0	166	0	161	2819	67	0	0	0	0	2284	0	0	0	0	0	0	43	0	0	0	352	0	0
"566"	0	0	0	0	0	202	0	217	2618	95	0	0	0	0	2284	0	0	0	0	0	0	36	0	0	0	316	0	0
"567"	0	0	0	0	0	169	0	178	2399	116	0	0	0	0	2242	0	0	0	0	0	0	61	0	0	0	281	0	0
"568"	0	0	0	0	0	204	0	184	2194	93	0	0	0	0	2224	0	0	0	0	0	0	51	0	0	0	278	0	0
"569"	0	0	0	0	0	132	0	166	2474	58	0	0	0	0	1907	0	0	0	0	0	0	53	0	0	0	313	0	0
"570"	0	0	0	0	0	130	0	170	2373	75	0	0	0	0	1947	0	0	0	0	0	0	57	0	0	0	329	0	0
"571"	0	0	0	0	0	151	0	161	1998	83	0	0	0	0	1909	0	0	0	0	0	0	48	0	0	0	291	0	0
"572"	0	0	0	0	0	143	0	143	1925	86	0	0	0	0	1786	0	0	0	0	0	0	17	0	0	0	283	0	0
"573"	0	0	0	0	0	133	0	92	2040	54	0	0	0	0	1576	0	0	0	0	0	0	15	0	0	0	290	0	0
"574"	0	0	0	0	0	122	0	113	1900	53	0	0	0	0	1539	0	0	0	0	0	0	19	0	0	0	271	0	0
"575"	0	0	0	0	0	122	0	100	1632	62	0	0	0	0	1502	0	0	0	0	0	0	11	0	0	0	245	0	0
"576"	0	0	0	0	0	109	0	90	1621	60	0	0	0	0	1428	0	0	0	0	0	0	11	0	0	0	238	0	0
"577"	0	0	0	0	0	124	0	75	1568	41	0	0	0	0	1237	0	0	0	0	0	0	15	0	0	0	245	0	0
"578"	0	0	0	0	0	113	0	98	1494	33	0	0	0	0	1202	0	0	0	0	0	0	24	0	0	0	194	0	0
"579"	0	0	0	0	0	100	0	65	1318	34	0	0	0	0	1226	0	0	0	0	0	0	10	0	0	0	205	0	0
"580"	0	0	0	0	0	80	0	57	1347	41	0	0	0	0	1092	0	0	0	0	0	0	0	0	0	0	243	0	0
"581"	0	0	0	0	0	98	0	64	1318	40	0	0	0	0	952	0	0	0	0	0	0	0	0	0	0	240	0	0
"582"	0	0	0	0	0	107	0	71	1318	51	0	0	0	0	894	0	0	0	0	0	0	0	0	0	0	209	0	0
"583"	0	0	0	0	0	79	0	72	1108	39	0	0	0	0	921	0	0	0	0	0	0	0	0	0	0	232	0	0
"584"	0	0	0	0	0	67	0	51	1064	30	0	0	0	0	939	0	0	0	0	0	0	0	0	0	0	167	0	0
"585"	0	0	0	0	0	96	0	37	1133	14	0	0	0	0	741	0	0	0	0	0	0	0	0	0	0	234	0	0
"586"	0	0	0	0	0	88	0	24	1055	8	0	0	0	0	715	0	0	0	0	0	0	0	0	0	0	220	0	0
"587"	0	0	0	0	0	115	0	25	793	17	0	0	0	0	719	0	0	0	0	0	0	0	0	0	0	199	0	0
"588"	0	0	0	0	0	98	0	26	884	10	0	0	0	0	666	0	0	0	0	0	0	0	0	0	0	173	0	0
"589"	0	0	0	0	0	77	0	27	986	0	0	0	0	0	494	0	0	0	0	0	0	0	0	0	0	203	0	0
"590"	0	0	0	0	0	99	0	30	786	0	0	0	0	0	498	0	0	0	0	0	0	0	0	0	0	179	0	0
"591"	0	0	0	0	0	96	0	35	662	0	0	0	0	0	593	0	0	0	0	0	0	0	0	0	0	119	0	0
"592"	0	0	0	0	0	100	0	22	660	0	0	0	0	0	499	0	0	0	0	0	0	0	0	0	0	151	0	0
"593"	0	0	0	0	0	79	0	14	698	0	0	0	0	0	406	0	0	0	0	0	0	0	0	0	0	137	0	0
"594"	0	0	0	0	0	83	0	9	706	0	0	0	0	0	468	0	0	0	0	0	0	0	0	0	0	141	0	0
"595"	0	0	0	0	0	81	0	26	512	0	0	0	0	0	419	0	0	0	0	0	0	0	0	0	0	132	0	0
"596"	0	0	0	0	0	80	0	11	478	0	0	0	0	0	410	0	0	0	0	0	0	0	0	0	0	141	0	0
"597"	0	0	0	0	0	69	0	0	564	0	0	0	0	0	338	0	0	0	0	0	0	0	0	0	0	113	0	0
"598"	0	0	0	0	0	61	0	0	493	0	0	0	0	0	353	0	0	0	0	0	0	0	0	0	0	143	0	0
"599"	0	0	0	0	0	80	0	0	411	0	0	0	0	0	358	0	0	0	0	0	0	0	0	0	0	125	0	0
"600"	0	0	0	0	0	55	0	0	351	0	0	0	0	0	281	0	0	0	0	0	0	0	0	0	0	151	0	0
