"length"	"TGL49_0196_Ct_T_PE_321_WG"	"TGL49_0197_Ct_T_PE_318_WG"	"TGL49_0198_Ct_T_PE_318_WG"	"TGL49_0199_Ct_T_PE_315_WG"	"TGL49_0200_Ct_T_PE_316_WG"	"TGL49_0201_Ct_T_PE_318_WG"	"TGL49_0256_Ct_n_PE_395_WG"	"TGL49_0257_Ct_n_PE_387_WG"	"TGL49_0258_Ct_n_PE_356_WG"	"TGL49_0259_Ct_n_PE_372_WG"	"TGL49_0260_Ct_n_PE_367_WG"	"TGL49_0261_Ct_n_PE_487_WG"	"TGL49_0262_Ct_n_PE_360_WG"	"TGL49_0263_Ct_n_PE_366_WG"	"TGL49_0264_Pb_U_PE_380_WG"	"TGL49_0265_Pb_U_PE_382_WG"	"TGL49_0266_Pb_U_PE_412_WG"	"TGL49_0267_Pb_U_PE_428_WG"	"TGL49_0301_Cf_R_PE_382_WG"	"TGL49_0302_Cf_R_PE_367_WG"	"TGL49_0303_Cf_R_PE_369_WG"	"TGL49_0304_Cf_R_PE_449_WG"	"TGL49_0305_Cf_R_PE_388_WG"	"TGL49_0306_Cf_R_PE_381_WG"	"TGL61_0003_Cf_n_PE_357_WG"	"TGL61_0004_Cf_n_PE_358_WG"	"TGL61_0005_Cf_n_PE_358_WG"
"10"	116	110	88	62	94	70	37	25	24	41	30	39	35	42	42	33	42	54	37	39	51	68	31	48	67	61	42
"11"	100	127	115	88	121	74	52	33	36	47	39	65	54	48	50	43	47	63	49	47	72	68	33	61	71	89	73
"12"	116	134	123	110	116	96	65	63	52	64	52	84	82	65	68	51	73	73	40	59	83	89	53	57	94	110	57
"13"	134	176	163	127	144	130	94	57	52	71	92	105	105	77	63	60	106	109	72	65	111	101	73	84	118	128	100
"14"	132	174	192	177	199	153	99	67	88	90	99	136	94	100	69	69	96	120	88	90	115	130	82	99	119	113	101
"15"	153	198	231	178	190	160	139	58	88	99	99	138	122	123	92	98	103	136	79	92	133	129	91	87	127	118	116
"16"	155	226	201	179	200	136	144	92	81	114	109	148	137	170	87	119	121	137	129	105	141	128	93	112	154	148	109
"17"	148	203	195	198	192	140	142	88	105	116	106	131	145	153	71	102	96	143	92	84	122	134	108	107	145	118	110
"18"	151	168	192	163	180	140	147	88	115	97	111	142	148	166	102	108	103	148	101	93	121	127	114	96	123	124	107
"19"	132	187	199	168	178	133	147	105	111	78	95	127	122	157	68	76	93	115	96	65	105	117	114	84	110	114	100
"20"	123	159	178	162	155	157	136	97	102	91	101	119	138	148	75	93	103	114	98	85	123	117	100	93	114	107	108
"21"	97	148	154	143	161	120	116	96	91	95	85	99	118	128	78	88	75	88	71	58	109	105	83	84	79	77	77
"22"	98	138	154	132	132	95	118	81	75	105	73	110	111	126	46	80	73	83	80	52	103	100	83	85	97	87	77
"23"	87	126	140	111	109	90	106	61	68	60	72	94	86	93	54	67	67	64	70	42	68	88	77	40	74	66	67
"24"	87	85	112	109	88	84	89	62	62	79	58	70	75	93	47	47	47	70	59	39	63	55	54	56	69	46	71
"25"	73	73	94	88	78	71	79	65	62	59	58	79	77	88	28	38	51	54	60	41	40	56	58	56	40	56	51
"26"	54	90	72	47	85	63	71	68	59	61	54	69	56	66	31	51	39	46	53	27	51	40	57	41	42	42	60
"27"	57	78	72	67	69	50	57	60	47	61	42	57	59	67	20	43	39	35	35	36	47	50	33	42	40	41	49
"28"	87	89	81	98	65	46	53	53	47	61	41	47	47	58	27	49	34	47	36	31	41	43	41	26	48	28	38
"29"	40	62	50	49	39	37	52	38	26	32	36	44	39	36	18	38	33	25	26	26	37	36	30	24	32	23	28
"30"	169	167	170	128	121	83	70	62	51	55	38	52	68	47	31	31	54	50	65	53	55	94	69	53	69	51	53
"31"	169	138	152	93	99	81	87	63	49	54	62	58	74	55	39	50	43	62	60	54	71	103	63	69	72	70	48
"32"	183	165	193	109	142	106	73	49	40	66	54	61	71	65	41	46	49	53	69	62	71	90	82	66	69	70	72
"33"	247	192	203	86	129	127	92	71	76	78	73	77	101	64	68	53	83	75	72	54	85	110	97	98	93	85	82
"34"	284	272	272	175	163	121	105	72	76	78	66	78	106	71	59	69	106	76	94	95	101	152	105	104	128	118	72
"35"	358	275	345	188	234	175	118	98	74	96	93	98	134	89	64	65	122	99	126	97	130	185	155	139	159	139	81
"36"	567	465	463	288	331	233	145	125	83	115	123	120	163	83	70	91	153	131	133	131	156	233	168	168	202	169	119
"37"	655	552	470	295	367	283	215	145	114	151	119	154	201	117	96	103	181	146	179	143	211	272	229	207	248	212	137
"38"	860	688	642	402	503	377	219	165	127	192	173	151	269	123	138	145	231	190	185	164	266	352	255	273	298	308	156
"39"	1114	976	727	473	647	413	283	229	172	227	217	223	340	145	132	163	314	215	251	241	336	442	375	334	410	369	177
"40"	1265	1003	887	612	707	567	353	326	202	284	253	284	436	196	186	203	361	277	317	339	453	589	484	394	544	477	248
"41"	1500	1112	1030	723	858	623	398	346	245	323	280	318	507	258	192	216	414	322	367	379	509	666	599	454	628	498	285
"42"	1714	1310	1191	781	967	773	496	419	270	387	340	374	513	266	235	272	490	364	464	387	602	731	644	553	750	607	365
"43"	2075	1454	1229	832	1081	839	535	495	361	473	396	367	628	345	290	289	545	491	485	470	718	893	761	639	889	799	384
"44"	2391	1661	1508	1027	1376	940	605	543	380	595	452	495	779	383	306	332	665	519	603	539	878	1051	850	772	1063	849	488
"45"	2694	1961	1880	1248	1604	1082	770	752	410	678	577	648	837	468	370	421	709	613	671	667	1031	1152	995	823	1252	1037	540
"46"	3368	2672	2100	1530	1954	1387	935	825	515	771	697	731	1021	501	395	459	938	697	825	808	1223	1301	1120	1004	1522	1218	655
"47"	4179	3433	2476	1951	2379	1593	1025	967	614	959	813	835	1155	619	505	573	1145	849	883	947	1575	1648	1283	1166	1878	1531	777
"48"	5281	4500	3189	2416	3197	1862	1213	1132	745	1129	940	1078	1525	780	627	661	1345	1042	1044	1287	1773	1996	1538	1407	2339	1862	908
"49"	6481	5567	3857	2953	3744	2420	1576	1402	857	1468	1212	1337	1786	921	804	738	1602	1290	1264	1602	2255	2486	1815	1789	2803	2277	1027
"50"	7282	5918	4435	3314	4312	2731	1932	1702	1068	1719	1514	1589	2239	1092	947	927	2093	1546	1441	1930	2578	3100	1983	1935	3509	2777	1238
"51"	7573	5835	4675	3311	4557	2987	2049	1829	1134	1936	1597	1682	2354	1167	1123	1035	2164	1622	1622	2163	2990	3352	2281	2231	3946	3119	1391
"52"	7391	5556	4724	3259	4655	3151	2196	1981	1217	2053	1793	1768	2468	1230	1054	1071	2198	1632	1674	2336	2944	3452	2279	2207	4161	3327	1496
"53"	7445	5504	5087	3384	4505	3069	2287	2041	1336	2061	1844	1818	2488	1385	1052	1178	2291	1795	1740	2378	3150	3490	2319	2234	4250	3388	1673
"54"	7678	5570	5327	3662	4606	3363	2344	2108	1396	2207	1900	1868	2605	1403	1149	1283	2370	1917	1908	2352	3468	3550	2488	2444	4682	3638	1853
"55"	7989	5906	5828	4067	4855	3428	2560	2378	1502	2366	2060	2071	2783	1542	1238	1405	2626	2043	2034	2751	3671	3968	2664	2714	4913	4094	2089
"56"	8717	6533	6272	4717	5417	3962	2730	2494	1628	2605	2210	2358	3115	1650	1376	1507	2814	2165	2125	2929	4234	4276	2804	2898	5753	4568	2314
"57"	12802	11137	7398	5613	7973	4339	3052	2842	1829	2892	2509	2754	3463	1885	1511	1620	3244	2510	2420	3451	4747	4741	3114	3166	6261	5203	2527
"58"	14405	13787	8281	6573	9142	5138	3505	3281	2055	3493	2917	3083	3921	2167	1853	1882	3696	2953	2731	4029	5262	5771	3591	3642	7436	6182	2771
"59"	17882	18664	10402	8437	11406	6272	4308	4000	2427	4153	3574	3773	4918	2632	2340	2234	4739	3486	3179	5106	6334	6963	4172	4344	8751	7339	3144
"60"	22297	24590	11869	10168	14306	7347	4937	4650	2892	4936	4150	4556	5586	2929	2753	2553	5309	4178	3690	6181	7093	8191	4668	4957	10146	8597	3663
"61"	22429	24287	11794	10006	14607	7634	5328	4892	3058	5296	4437	4953	5995	3262	2865	2749	5538	4454	3841	6679	7746	8962	5091	5126	10900	9279	3800
"62"	19539	18802	10919	7693	13267	7521	5461	4984	3157	5261	4584	4819	6187	3356	2825	2885	5596	4563	4027	6559	7552	8752	5059	5257	10642	9327	3923
"63"	18401	15459	13340	9415	12391	7233	5594	5044	3225	5235	4553	4824	6171	3309	2929	2863	5626	4688	4101	6486	7488	8601	5219	5326	10954	8938	4100
"64"	18007	15043	12730	9045	12220	7572	5717	5300	3403	5427	4711	4973	6394	3426	2830	2891	5542	4806	3959	6516	7746	8862	5318	5529	11132	9347	4443
"65"	17976	14971	12574	9001	12146	7588	5830	5349	3341	5545	4762	5067	6382	3547	2879	3003	5532	5068	4241	6802	8065	8998	5497	5478	11726	9782	4722
"66"	18232	15469	14090	9504	12663	7811	5946	5415	3581	5737	4843	5175	6534	3720	2910	3274	5772	5094	4388	6766	8316	9611	5617	5784	12649	10391	5029
"67"	18918	17094	15094	10407	13236	8227	6271	5708	3736	5947	5115	5706	6911	3962	3093	3317	6018	5275	4653	7394	8842	9885	5752	5995	13730	11297	5673
"68"	21647	20114	16860	11821	14738	9086	6745	6324	4063	6418	5692	6249	7648	4404	3499	3660	6741	5562	4957	8137	9534	11148	6176	6378	15353	12446	6081
"69"	24255	23143	19424	13466	17261	10469	7617	7315	4643	7410	6768	7384	9072	5039	4090	4257	7758	6451	5890	9921	10845	13119	7189	7524	17998	14669	6511
"70"	25733	25278	21500	15055	19131	11915	8933	8420	5361	8984	8085	8561	10503	5776	4951	4775	8663	7135	6730	11502	12112	14961	7779	8280	20118	16826	7382
"71"	25914	24385	21597	14602	19310	12209	9590	8796	5786	9348	8394	9188	11141	6085	5046	5026	9036	7714	6974	11889	12492	15410	8078	8879	21272	17579	7661
"72"	23875	22802	20667	13792	18415	11632	9405	8653	5518	9113	8077	8790	10673	5931	4707	4933	8708	9276	6708	11360	11983	14485	9087	8527	21478	17293	8151
"73"	23595	21224	19530	13001	17345	11231	9128	8438	5352	8656	7845	8472	10192	5787	4599	4905	8444	8580	6536	11051	11307	13527	8841	8265	21816	17701	8603
"74"	23032	20408	19820	12736	17154	11191	9313	8446	5318	8634	7680	8485	10227	5881	4560	4850	8196	8963	6751	11130	11251	13541	8647	8296	23027	18840	9372
"75"	23547	21009	20335	13209	17425	11398	9423	8761	5479	8998	7959	8609	10222	5967	4771	5157	8401	9355	7027	11471	11803	14105	10081	8568	25742	20707	10631
"76"	23691	20865	20611	13108	17847	11905	9951	9155	5741	9344	8190	9188	10520	6149	4872	5307	8659	9691	7287	11613	12237	17740	10014	8893	28243	22847	11664
"77"	25159	22524	22353	14407	19103	12546	9893	9647	6181	9564	8962	9903	11472	6628	5313	5159	9471	10078	7637	11516	12972	19043	10613	9290	30608	24216	12207
"78"	27710	26443	24632	16456	21538	14162	12539	10771	6609	10929	10062	11372	12581	7605	5993	6605	10260	11017	7959	16688	14148	20817	11602	10378	32119	25712	12780
"79"	33640	34605	29581	20483	26559	16897	14753	12989	8057	13275	11871	14189	15641	9034	7463	7682	12432	13092	11836	20615	16683	26214	13659	12405	35190	28474	12945
"80"	40235	44516	35036	25469	33392	21491	18246	16295	10161	16734	15058	18200	20434	12019	9833	9422	15658	15742	14525	25891	20131	31846	16371	15208	41010	33666	14588
"81"	43395	47709	39067	27833	36572	23308	23270	18431	12232	19293	17247	21020	23973	14005	12220	11295	17741	17347	15898	29452	22523	35767	18331	17279	44890	37601	15852
"82"	39669	41803	36965	25826	34919	22664	23060	18886	11598	17600	19865	20349	23616	13129	11655	11057	16712	16868	15997	28373	22088	34460	18306	16734	42833	38292	16221
"83"	33989	33940	31967	21039	28717	19517	20360	16560	10228	18161	17583	15876	19576	13514	9821	10034	14191	14953	14104	23893	19074	30083	15906	14814	48532	36326	16050
"84"	30410	29734	29303	18862	25772	16987	18008	13467	9046	16463	15726	18517	17829	12357	7780	9080	11410	13499	12939	21375	17233	27393	14764	14271	49035	35107	16698
"85"	27884	27362	26823	17790	23594	16957	16763	14988	8469	15168	14619	16863	16193	11350	8678	8467	13649	12768	12107	19579	16027	25095	13770	12984	51702	35777	18126
"86"	27431	26264	26254	17253	22849	16047	16303	14716	8287	14991	13944	16309	13892	10960	8351	8542	13310	12805	12104	19538	14803	24520	13504	12481	54357	35344	19280
"87"	28129	26478	25844	17466	23534	14844	16204	14925	8058	15253	14088	16205	18066	10995	8521	8733	13524	12936	12132	19861	17459	24777	13719	13829	54647	42494	19571
"88"	30270	30056	28117	19250	25828	19298	17395	16058	7816	16024	14865	17362	18723	11677	9182	9038	14339	13580	12604	21654	18101	26387	14278	14596	52092	39962	18539
"89"	36602	40110	33480	23903	32013	22368	20228	18186	11502	18593	17619	20375	21284	13467	10851	10399	16714	15147	14415	25183	20099	30686	16504	16738	51345	39456	17663
"90"	46680	54359	41365	31174	41403	26778	25052	21999	13912	22766	21981	26196	26679	17027	13525	12848	20647	18575	17422	31811	26905	37899	20248	20503	54224	45325	18156
"91"	52920	62472	48231	36313	48410	32287	31208	27000	17294	29049	27467	32886	33698	21348	17353	15292	24887	21892	21113	38984	31692	46299	24831	24835	59338	51015	19286
"92"	52732	60740	52281	37251	51348	35358	35426	30661	20019	32985	31279	36928	38337	24764	20174	17470	27030	24304	23584	43180	34656	50769	27245	28461	63216	55625	20303
"93"	48307	54221	49959	34367	47876	33782	34378	30229	20097	32452	30516	36324	37953	24627	19206	16908	26529	23591	23060	41866	32942	48400	26803	27769	62636	54427	18769
"94"	41075	44676	43108	29722	40380	29139	30623	26960	18079	28643	27058	31628	33492	21757	16622	15145	23597	21185	20358	36537	29555	42622	23762	24376	59479	49999	22750
"95"	36472	38789	37728	25991	34755	25941	27015	23870	15700	25618	24355	28263	29095	19480	14274	13931	20369	18537	18396	31769	26326	37436	20946	21671	57235	46954	22123
"96"	33478	35815	34264	24159	31549	24388	25469	22120	14927	24195	22884	26012	26782	17800	13358	13347	18511	17606	16970	29023	24856	35175	19662	20056	58096	45594	22786
"97"	33565	35243	33951	23970	31572	24645	25769	22176	15040	23834	23207	26673	27527	18547	13215	13640	18607	17547	17367	28931	25120	34998	19655	20488	60853	46935	24642
"98"	34929	37918	36140	25902	33843	26103	27192	23863	16529	26239	24613	28695	29743	20051	14210	14428	19824	18392	18796	30777	26675	36653	20466	22344	62171	48214	25771
"99"	39845	44666	40873	29965	38941	29442	30155	26745	19099	29352	28041	32453	34851	23260	16643	16489	22283	20761	21280	35602	29665	42715	23241	25270	63225	50404	26566
"100"	45963	54037	47025	35879	45968	33830	35328	31566	22005	33748	32145	37587	40287	27090	19483	19243	26228	23960	23898	41811	33496	49087	26652	29048	65845	54990	27360
"101"	52062	63161	53279	40927	52077	37334	39431	35225	24497	37737	36295	42155	44509	30164	21896	20685	29043	26913	26637	47486	36681	54510	30392	32406	68249	58336	27929
"102"	54741	66998	56717	42862	55253	39682	42136	37175	25628	40562	38868	45473	46827	32244	23054	21886	30519	28047	27988	49826	38524	57979	32374	34339	69592	59981	27938
"103"	54139	65307	56817	42873	54044	39797	42840	37650	25437	40883	39797	45326	46877	32575	23136	22081	30730	28360	28372	49910	38999	57870	31692	34371	69177	58963	28159
"104"	49804	58760	53328	39639	50305	37966	41912	36841	25288	40263	39099	44912	45663	32035	22438	21764	29535	27552	27562	47650	37585	56169	30786	33269	68585	56959	28130
"105"	46146	52463	49827	36643	46673	35524	39703	34939	24011	38746	37124	42567	42666	31043	21021	21035	27706	26374	26462	44313	35772	52790	29139	31833	66880	54814	27931
"106"	43790	49626	46785	34832	43662	34107	38424	34283	23319	37007	35852	41046	41867	30038	20738	20538	26595	25261	25760	42220	34405	50957	28172	30627	66933	54103	28548
"107"	43517	49922	46499	35248	43931	34129	38020	34796	23662	37319	36234	41764	42404	30462	20578	21097	27795	25699	26260	41929	35160	51192	28425	31238	68894	55653	30104
"108"	45923	53235	48509	37279	46435	35921	39697	36027	24515	39097	37478	43169	44392	31946	21613	22083	28576	26571	27373	43873	36915	54481	29643	32718	71770	57363	32129
"109"	52781	61207	54148	42369	52688	38900	42762	39096	26330	42139	40197	46309	47589	34157	23908	23822	30909	28904	29242	48444	39695	59292	32539	34988	75584	61648	33665
"110"	61414	72904	61477	48715	61688	43990	47581	43131	29013	46385	44566	52522	52293	38345	26798	26006	35469	32671	32393	54898	44533	66159	36631	38602	80257	67654	34597
"111"	69440	81935	69748	55377	71035	49138	54022	48400	32226	51810	50936	59371	58611	42964	30407	28767	39081	36625	36343	62420	49543	74385	40590	43272	84747	74062	35533
"112"	72288	84771	74126	57846	75117	51729	58406	51776	34255	55031	54107	63922	61338	45985	32644	29789	41705	39007	38444	66595	51907	78767	43828	45437	87173	77065	35806
"113"	68573	80155	71945	54633	71605	49994	56955	50499	33604	54012	52068	62110	58654	45644	31585	29085	39843	37992	37360	64834	49815	77003	42736	43970	83552	73912	34561
"114"	60917	69505	65433	48868	63298	45999	52483	47418	30706	50088	48618	57247	54193	42111	28904	27359	37028	35343	34994	58638	45921	70897	39399	41320	78823	66820	32256
"115"	55902	63225	60255	44901	57962	42467	50311	45190	28556	47088	45912	54244	50986	39295	26678	25557	35089	32975	33120	55039	43098	66841	36701	38721	74509	63003	31606
"116"	54477	59586	59206	43224	55999	41713	49087	44426	28098	46902	45698	53442	50429	39098	26417	25699	34730	32931	32722	53478	42799	65726	36415	38267	73867	61494	31859
"117"	55717	60421	59777	44303	56377	43408	50455	45594	28563	48019	46660	54753	50940	39613	26886	26071	35448	33518	33310	54136	44574	67864	37077	39593	75704	62706	32812
"118"	58869	63233	61453	46038	59387	45313	51675	47622	30098	49494	48994	57346	53241	41796	28238	27234	37237	35279	34949	57395	47114	71573	38230	41335	78151	65311	34525
"119"	64940	69312	67566	50538	65098	49373	55818	50779	32855	53254	52033	61956	56857	45419	30918	28938	40259	38200	37481	62835	50505	76953	41394	44778	83621	68853	36698
"120"	73092	80846	76780	58208	76105	56627	63571	57257	37693	59676	59545	71615	64349	51854	35754	32312	45383	43651	41425	71785	56701	86030	47281	51169	89456	76337	39151
"121"	84131	96423	91599	70583	91736	67482	77411	68167	46318	71451	71018	86865	77571	62313	43210	37973	54552	50934	48928	86140	65843	100799	55729	61371	99572	86915	42577
"122"	95527	114210	108124	83780	111069	80141	92853	80586	55887	85552	84910	106594	93499	75664	52385	44834	64637	60045	57103	101982	76560	117356	64515	73882	109911	99207	47863
"123"	100858	121001	116127	89741	119820	86158	102433	88128	61858	93937	92807	117086	102807	84101	57847	49005	70073	64324	61232	109685	81456	124706	68911	80826	114227	104539	49290
"124"	94449	111854	109027	83703	111153	81261	97311	86243	58951	90130	87852	112881	97477	80900	54648	46580	66832	60678	58896	103177	76796	117879	66114	76295	107813	100218	46647
"125"	81743	96615	93216	72029	95435	69814	85481	76094	50542	78790	77901	97813	83695	69927	46050	40899	57515	52922	50894	88361	66866	102567	58207	66071	96648	86045	41853
"126"	72551	84024	81971	62664	82647	61674	76953	67909	44305	70744	69711	87583	74359	61808	40247	37047	50997	47728	45610	77886	59574	91634	51395	59381	88249	76680	38690
"127"	69608	79259	77637	60698	78498	59452	74322	66873	42664	70043	68967	86201	71640	59684	38103	35988	49078	46107	44400	75606	58150	89618	49411	57617	85256	73112	37846
"128"	70730	79102	77443	60885	77940	59033	76153	68293	43356	71435	70385	88691	73056	60406	38163	37088	49486	47156	44006	77060	59322	90438	50107	58945	85436	72893	38549
"129"	74355	83666	80948	64871	82298	62392	80656	72266	46475	77115	75518	95532	77114	64487	40287	39739	52262	49449	46310	81582	62385	97516	52684	63454	88130	75537	40145
"130"	82245	94393	87702	72422	92590	68853	88993	79697	52215	86480	84543	107271	86986	71921	44507	44113	57727	54710	51359	92709	68110	106846	57856	70962	94370	82048	43734
"131"	95431	112977	103338	87366	110440	82733	106345	94060	62690	103378	101723	129605	104356	86101	53499	52333	68163	64476	60261	109049	80058	123863	68658	85708	104938	93232	49111
"132"	113904	138969	126611	107737	136801	103442	133905	115371	81117	129049	125930	162085	133697	108590	67708	64566	84438	79746	74342	134326	97586	148410	83468	106980	121803	109498	57209
"133"	136209	169557	155026	132453	169133	129112	167606	143973	105241	162252	155729	202380	169433	137292	85583	80708	104099	98753	91427	167552	119443	180935	101120	137034	142659	130902	67758
"134"	150680	190914	176816	151483	192268	148300	194495	168089	123537	188417	179559	235307	198654	161816	98899	92847	120873	112640	104476	192218	135527	201821	114985	159092	158414	148025	75921
"135"	149564	190018	177273	151748	194051	149879	199041	174390	126872	195075	184343	241462	202623	165257	100563	95335	121889	115423	107864	193374	137358	203518	116830	161542	158979	148763	76172
"136"	142184	176836	168643	143858	182071	144689	191173	168988	121022	188061	178701	232535	193066	157600	94930	90667	116918	110193	103208	186530	131788	195665	112643	154640	153323	142663	75488
"137"	137873	166605	161056	137718	174381	140082	184779	165496	116451	184138	173562	224148	185402	149962	91098	88033	112640	107244	100810	179529	130612	190379	108170	148887	151917	139752	76254
"138"	144675	173492	165901	144411	180837	149688	193469	172973	123832	195188	181123	233373	194662	156471	95392	93210	118999	112488	106090	190665	140652	199523	113121	158669	161340	149777	85417
"139"	162067	198409	187303	166308	203980	173637	217223	196465	144030	222105	203226	260918	223386	177872	109609	107414	135940	129771	121137	216385	161560	225478	127461	182401	183787	171390	100489
"140"	188822	231795	217310	197709	242265	206355	252577	229139	173954	258567	235111	301583	264326	211232	129232	126852	157788	152462	143909	254527	189185	259416	147552	217178	211334	200805	119764
"141"	219428	272822	256024	233433	283088	242822	294266	269180	209557	302757	272253	349249	315501	250703	152719	150865	185310	179760	171873	298267	220009	298951	171944	256227	242170	231854	137639
"142"	243276	303236	286160	260844	313098	272370	329316	299711	238544	336123	300473	386427	354709	282021	171229	169508	206370	201938	193647	331594	244160	329580	191849	287135	266982	255923	149258
"143"	253701	319854	306364	274419	326104	287630	345270	317507	252818	353599	315111	405046	371297	300503	180056	179440	217733	213831	206393	346485	258682	346789	204513	303147	279333	268102	154951
"144"	255964	324300	315546	280439	330442	295418	353206	329162	261102	363585	323127	413681	380827	308864	185426	184863	225857	220174	213786	356927	268853	360566	210845	311543	288941	275118	159278
"145"	258531	328580	321157	285121	334659	303686	364176	341232	269785	373755	334499	429378	390821	316415	189859	189758	231463	226157	222760	367058	279585	371380	218027	318847	298767	283776	164208
"146"	260212	329414	325780	287457	337160	311487	372511	352287	275027	381208	339691	437095	397920	324436	192296	193800	235203	231487	229112	370311	288036	378852	222067	322879	308665	292228	172622
"147"	262341	327271	326533	287736	335619	318376	376497	358484	278906	388741	344688	440260	400548	324769	194291	197021	239362	235788	233713	371809	296611	382485	227695	326520	321172	297521	181836
"148"	269965	328216	331767	293767	338592	330334	381976	371022	285306	396420	349080	445397	412264	330262	200045	202576	249998	239844	241191	377279	311375	393668	235370	332625	336232	313119	195706
"149"	285664	337838	343624	306848	348741	353509	394333	386146	300275	411439	359904	458822	429196	344265	209302	214875	262717	250356	251911	389713	332159	408738	247010	348327	356938	332990	214753
"150"	303844	354146	360787	324085	364982	374896	412993	406995	322163	431599	377333	477309	452763	364005	221482	229076	277532	263777	270317	409070	354572	424542	260618	368552	377951	354349	231871
"151"	324365	378801	383224	348936	390278	404988	440938	434228	353444	465028	398580	508271	489711	393531	237147	247679	298045	284506	293217	436427	384151	447258	277351	397013	402949	379730	249313
"152"	344996	408228	410828	375292	418136	432470	472935	466884	388104	498502	425618	541760	530336	429868	255002	269485	318553	307502	316863	468032	409184	472829	298192	429943	429161	405163	263757
"153"	360747	431138	431727	394153	437168	456512	501099	493126	415830	527167	447937	569225	563206	460270	269013	287862	336751	326048	336882	491223	429085	492647	313023	455193	447937	424762	277554
"154"	366859	437119	440093	400819	441459	464113	513146	509131	428198	540600	458527	578786	573112	471228	273736	292196	343492	334401	344051	498942	438685	502745	321898	466683	455712	432585	281980
"155"	366878	430477	437233	396652	439868	467416	514709	509277	427429	542526	458774	580039	570498	468748	274116	292098	345498	335227	344600	496660	443094	499215	325329	465583	457867	435407	285545
"156"	375764	437664	450654	405941	446748	487128	532546	529788	440537	563038	474463	597009	585949	478839	282818	299413	357806	347283	356482	509806	463742	513612	335205	480265	477586	454004	302897
"157"	395110	455262	472702	429032	472285	522132	566351	562539	469001	599298	501541	632965	620645	504516	299696	315939	380446	370195	380166	539816	497810	541099	354867	508478	510556	487535	333057
"158"	427789	485605	507703	463190	506562	573699	612854	610213	509573	647774	539525	682269	671136	543860	325545	344019	413678	401766	414451	581145	545023	582323	382175	551752	558832	533154	372753
"159"	468574	526466	551836	506918	551091	633364	667860	667403	566164	707509	586514	741477	737165	596828	357631	380426	454370	441289	458030	633308	603986	634354	418962	604699	612580	586917	417197
"160"	515277	570825	597730	553717	597412	694627	727578	726097	624631	768610	635091	801286	810430	655338	391741	420774	497879	484591	505035	686439	659497	689373	458953	662419	667393	639859	459142
"161"	552303	608823	636529	591031	632735	747197	778292	779053	676817	824329	677052	853277	867131	706146	420759	454410	533878	520571	544434	731403	709504	740089	495904	710019	710723	685934	492322
"162"	589712	647017	675212	628189	670276	794967	835719	833495	726862	880142	720750	909321	926997	753520	448795	487421	571057	557738	582403	779192	760915	788808	533222	760415	757545	736154	527158
"163"	624435	685645	715187	666648	709417	851321	894448	894198	779065	943207	771603	970920	985197	800566	480575	518540	612475	596824	620060	830083	818030	846274	569747	814156	811745	798716	571514
"164"	674534	742797	774788	724801	771536	944335	980005	980137	853869	1036309	843555	1063106	1076046	869015	528152	564629	676967	652992	679481	907193	906389	929551	620544	891462	896400	893410	643546
"165"	739347	811846	847750	793417	846272	1058135	1084232	1085944	947769	1143197	926599	1174343	1183583	948255	586771	618411	751419	719951	751640	995712	1013902	1025450	682663	981984	1004661	1016472	738671
"166"	793577	861868	910693	853457	906934	1158484	1169374	1176234	1029811	1230301	996562	1258223	1274311	1020344	635930	665355	815943	780245	819094	1065285	1112920	1110408	737629	1053024	1102029	1116257	822586
"167"	824037	889235	949843	885875	937970	1211001	1216284	1229491	1081582	1273229	1028284	1294975	1321947	1064949	664536	695747	850735	813934	863096	1099156	1173152	1152943	774269	1086010	1154466	1169608	873214
"168"	838148	895785	969401	901457	940443	1230998	1228683	1253836	1106244	1277471	1035129	1299476	1338374	1086600	677124	714360	863052	828219	885522	1105955	1196561	1169965	796404	1091802	1177244	1184637	895721
"169"	840453	891541	969725	898841	926824	1222774	1224575	1255830	1114838	1264815	1022419	1275387	1336119	1091975	675549	720764	862378	831066	895569	1090956	1205613	1168742	805441	1078690	1176254	1176486	895165
"170"	824758	868747	957576	878099	896760	1192898	1194396	1231152	1092771	1225729	992355	1226545	1301962	1077338	659415	713455	845164	814854	883985	1055916	1187646	1142877	802303	1044937	1152336	1145265	870581
"171"	797179	835493	930923	844182	852763	1147650	1149003	1192170	1057090	1171017	950954	1162829	1248978	1049486	635539	695860	815700	792499	864566	1012040	1156812	1105409	783859	999840	1114526	1104331	839282
"172"	762091	803132	897665	808748	812236	1096795	1100920	1145869	1018522	1114174	906526	1101414	1195838	1011974	612100	672780	782376	763635	838697	962482	1125172	1061483	760991	949846	1079101	1065094	810272
"173"	737631	775089	872466	779868	778520	1065181	1064669	1107934	983996	1066936	866775	1044356	1151865	983493	593558	655176	758357	745923	824732	919311	1110188	1026278	746692	907393	1060185	1038905	800884
"174"	721705	754437	856087	756971	751708	1048352	1031389	1079276	960087	1023650	834620	999598	1119128	961725	579527	643089	743694	733575	817439	885863	1105951	1004228	733334	873975	1055462	1035556	806379
"175"	716663	740230	852288	746562	738901	1045618	1010265	1063539	948694	994513	812226	963029	1096395	950816	575286	638970	738312	728376	821306	863183	1123078	989244	729868	850644	1062100	1032937	828758
"176"	711764	723123	845001	732837	719804	1030825	980109	1040719	932403	959843	782957	924530	1069092	937321	567065	632478	722716	716041	815223	834990	1122211	961705	724877	821237	1060228	1020841	840691
"177"	704959	701020	832700	715695	696681	1003344	948320	1008550	909813	921716	751538	879977	1039551	917656	554654	619314	701821	700882	803865	803399	1102881	926366	713818	787424	1041073	993574	838474
"178"	684771	669156	800205	687918	665663	958605	901191	965082	871915	869322	710675	826928	992786	888765	529540	601106	669422	674155	777833	758041	1058936	872882	689541	743262	995538	945426	811209
"179"	652696	630211	761380	653234	627049	897474	849282	905847	825055	812330	662716	767397	934721	847531	499950	575768	626602	639803	741764	708896	995266	812417	656230	693216	934324	880628	764015
"180"	612061	588518	714246	612068	583713	828122	790158	845071	769276	749855	613423	704822	875889	802440	462786	542761	577624	597722	698801	655686	924527	745870	614958	642270	865081	809756	706448
"181"	571309	546900	666028	568817	540785	760868	731810	781170	714274	689856	564991	645119	811371	755924	428563	511263	530858	557593	654203	605005	855660	681631	576707	592230	798516	743775	647882
"182"	533136	507623	619791	528847	497770	697439	674513	718659	660847	630087	517890	587050	750900	707163	394412	478896	486613	519811	610384	556379	788765	622323	538621	544905	736731	680949	597250
"183"	498412	469598	576556	489383	462383	638574	621311	664220	609774	579404	475032	536507	692749	657419	363050	448639	447220	483733	569201	511093	732161	567556	504245	499573	684853	627638	551759
"184"	469395	440858	543384	458969	430024	593305	577545	615882	566256	536242	440714	491609	644039	618184	336520	420185	413824	452657	537340	473765	688023	524855	475219	462034	641144	584478	518975
"185"	450018	415359	516571	433500	404008	555417	539744	575989	530092	498304	408636	455608	602807	583961	316082	398906	386053	429677	511470	442360	652439	486452	452660	430775	608848	551446	493588
"186"	434643	394998	494363	412081	383972	524607	507888	542526	499425	467102	382569	423178	569686	555307	299419	381115	362904	410187	489337	416815	627639	454841	435108	403309	581667	522023	474646
"187"	420343	377363	475153	395860	366202	497455	482248	514622	473322	441376	362516	397441	543435	533607	283858	365862	342219	393611	470530	394988	600934	426824	419513	382099	557815	497832	459869
"188"	404794	359621	454525	378531	349816	469030	456351	487345	449653	414557	340303	375756	516105	509415	268964	350953	321053	377470	451743	373510	573413	401016	402927	361913	529678	469684	438613
"189"	386567	340056	432232	359802	331457	438316	430764	459210	426345	391548	320075	341338	490103	487207	253914	336627	300910	359032	431190	352876	539874	374029	384886	340382	498687	440754	417341
"190"	364344	321281	407697	338616	310421	408329	403098	428361	398351	368886	300986	319467	460907	460687	236497	319373	277900	339299	406441	331191	501714	345893	362757	320187	461594	409813	387883
"191"	339865	300111	381137	315872	289932	373464	374969	396465	367216	332483	270710	292832	431597	431514	219015	300043	255130	316610	380603	298786	460723	319690	338130	290377	425795	376814	356137
"192"	315862	279278	353023	294950	268555	333264	348511	368158	341337	309493	250953	270571	391693	402555	199187	279678	227510	293616	352830	277744	421619	287450	314273	267910	392731	339579	325867
"193"	295231	259680	327580	272008	249673	303607	315534	331405	305664	283681	231974	247568	361571	375198	179730	260199	208915	270843	326043	256193	387126	264026	292979	247375	353996	309431	299344
"194"	276062	241550	305795	253193	230315	276760	292148	305873	282561	261339	213148	225832	331552	348189	166214	241249	191057	251574	301283	235937	347003	242203	272483	228634	323180	284435	268009
"195"	260941	226113	286809	236359	215587	253645	271440	281384	260004	240857	197619	208843	307435	318933	152184	224198	175188	234840	280012	218868	321686	223154	257806	211037	299902	262957	248873
"196"	248067	213936	272861	223345	199036	234931	252931	263112	240609	223949	183068	192884	287355	298731	141193	211335	161845	220758	264755	204998	300645	209255	244044	196272	279754	244381	232540
"197"	235997	198663	252790	205221	188372	220407	238761	247332	226486	211064	172616	181630	269457	281606	133686	195363	151886	204907	244213	192300	284461	195740	233783	185702	264106	229584	217148
"198"	224484	190176	239611	196343	180233	205237	226386	232995	212874	197963	162359	171529	254294	266587	125049	186546	141913	195547	234383	181607	268353	184745	217280	174558	246605	216185	205041
"199"	212271	181504	226568	187257	170453	193615	215155	220210	201545	188183	154529	162076	242667	255144	117714	178434	132693	186270	222697	171612	253725	174342	208368	166055	232554	204430	192202
"200"	197425	172120	215070	176716	161402	181616	203631	207429	189257	178252	146257	152767	228602	241486	110844	168826	124174	177560	211804	160890	236852	164321	198025	156935	217013	190493	179636
"201"	186058	162398	201436	167173	152111	168063	191420	194903	177041	166858	136874	143393	214146	228067	103041	160667	115282	166839	199674	149939	219914	153586	185602	148649	198829	176827	165214
"202"	174736	154102	188106	156986	144124	155320	180281	182049	165430	157069	129257	135071	202085	214252	96240	151003	107477	156896	186782	139599	203492	144333	173428	139059	184585	163375	152756
"203"	162660	142607	174008	146106	133610	142981	168356	168512	152803	145750	119616	122585	186977	199295	88247	139771	98976	145114	173366	129643	187231	133107	161798	128629	168294	150669	138455
"204"	151544	134014	161891	135624	124707	132048	157012	156951	141284	136637	112731	114936	173000	185456	80950	130444	92112	135974	160922	120638	171882	124665	150579	122408	155231	138633	127674
"205"	141408	124990	151001	127040	116223	117827	145995	145109	131535	123424	101892	106300	161144	171900	75320	120421	83740	125527	148349	112090	159804	115753	141429	109488	142940	127722	116980
"206"	133025	116818	140578	118570	109496	109849	136798	134999	118046	114845	94651	98682	144844	159468	68948	112819	77052	116990	137383	101596	148193	107672	132644	101991	131914	115290	108670
"207"	125648	110161	132283	111291	103272	102005	126961	123584	109734	108005	89341	93208	134936	149811	63816	105442	72309	108922	128535	95020	136623	98533	125311	96046	123274	108133	97646
"208"	119934	106191	124639	105568	97300	95669	119447	117978	103702	101797	84727	87731	128614	141171	59712	99366	67825	103175	121432	90117	126931	94214	118092	90319	112665	101154	91645
"209"	112100	99196	117457	100032	92698	88700	111887	109420	97098	95466	79273	81855	120593	133252	56149	93498	64079	98257	114292	84518	118838	88039	111831	85726	104286	94229	85484
"210"	105086	94076	110163	94938	87012	83114	105950	103255	90488	89893	74548	77131	112807	122292	52737	88784	59643	92142	107922	78649	111792	83669	104350	80497	97464	87784	79357
"211"	99334	89486	103276	90093	83691	77639	100008	96648	85298	85089	70646	72830	106199	116138	49411	83085	56474	88207	102098	74155	103961	79023	98595	75945	90569	81552	73409
"212"	92775	84245	96791	84174	78845	71938	93422	90376	80099	80193	65873	68756	99352	108697	46029	77551	52469	79981	92993	69399	96354	73567	93307	71279	83134	75899	67968
"213"	87065	79496	89631	79357	72842	65588	87398	84742	74283	74739	61683	61502	92689	101835	42875	72659	48677	74852	87250	64371	89251	69904	88022	66535	76986	70176	62893
"214"	81205	74740	81751	72515	68022	61211	81675	78238	68698	68973	57564	57721	85491	94115	39109	67053	44933	68750	80408	60231	82005	64236	79412	62089	70317	64623	57848
"215"	75668	67891	76537	67635	63609	54717	75424	72315	63151	64552	53314	53233	78587	87229	36517	62783	42370	64349	74892	54844	75421	59820	74120	57429	64314	59259	52829
"216"	71035	63886	71585	63449	59593	50085	70232	67478	56399	57877	47836	49186	73287	80595	33565	58194	38183	59326	69475	51780	69899	55435	68932	51959	59739	54787	48903
"217"	68010	60625	66940	59531	56552	46729	65716	61415	53043	54397	45034	46156	65882	74218	30936	53904	35783	55441	64415	46211	65854	52195	65091	48781	55372	49494	43947
"218"	61833	57482	61681	56186	53202	43416	61521	57010	49380	51096	41868	42568	60917	70243	28129	50869	33490	51916	59818	43510	60287	47478	61202	45377	51786	46080	40766
"219"	58860	54338	59029	53693	51105	40846	56148	53416	45820	48166	39579	40124	57243	65695	26567	47622	31499	49183	55754	41171	55556	45030	57448	42647	46701	43338	38928
"220"	55414	51486	55102	50979	48459	38046	52995	50263	43053	45371	37377	37452	54228	61751	25016	44905	29338	45838	53060	38330	52136	42798	54261	40143	43293	40441	35535
"221"	52920	49584	52142	48611	45983	35490	50309	47405	40365	42721	35047	35551	50093	57247	23442	42085	27713	43297	49650	35983	48933	39985	51204	37570	40740	37969	33959
"222"	49936	46865	49127	45600	43420	33016	47143	44046	38285	40420	32846	32854	47247	53183	22053	39812	26360	40607	47274	33881	46088	37942	47997	35819	37706	35253	31808
"223"	46761	43902	46054	43064	41407	30325	44209	41354	35396	37804	30798	30318	44230	49172	20423	36697	24365	38551	42575	31690	42698	36192	45193	33487	34825	32526	29477
"224"	44757	42120	42725	40622	39263	27726	41032	38617	32920	35546	28952	28422	41087	45914	19093	34271	22922	34925	40135	29927	40099	33736	42974	30889	32439	30588	27281
"225"	41564	39232	40100	38225	36795	25412	38252	35946	28974	32075	26000	26257	38041	42752	17768	31711	20746	32359	37157	27961	37094	31397	39960	28469	30276	28268	24398
"226"	38919	36682	37819	36337	35242	23669	35574	32716	27585	30054	24342	24704	34220	39439	16199	29306	19339	30701	34190	25248	34644	29316	36769	26460	27779	25647	22931
"227"	37151	34825	34667	33420	32268	22088	33593	30263	25414	27946	22595	23231	31749	36771	14825	27766	18466	28596	32098	23501	31735	27720	33782	24605	26225	24046	21313
"228"	34901	33581	33111	32238	30875	20742	30564	28472	23753	26407	21334	21388	29551	34530	14276	25698	17314	26503	30234	22180	29878	25407	32277	23284	24083	22617	20208
"229"	34149	31268	31091	30631	29865	19667	28927	27130	22041	25427	20080	20553	27783	32341	13494	24345	16483	25313	28472	21460	27726	24480	30380	21871	22696	21180	19092
"230"	32127	29822	29608	29669	29001	18456	27214	25100	21052	24084	19054	18177	25842	30032	12342	22829	15798	24214	26713	19841	26080	23172	28735	20964	20899	20100	18205
"231"	30683	28600	28064	28444	27912	17149	26058	23843	19791	22408	18154	17663	24551	27604	11899	21539	14850	22929	25516	18752	25337	22010	27435	19628	19652	18784	17207
"232"	28543	27902	26654	27247	27049	16191	24491	22614	17914	21342	17261	17015	22863	26268	11115	20225	14379	21840	24064	18037	23599	21187	26027	18787	18714	18070	15806
"233"	27362	26550	25379	26291	25535	15337	23045	21197	17079	19684	15887	15684	21843	24613	10745	18772	13036	20149	21571	16891	22434	20106	24298	16793	17441	16995	14865
"234"	26348	25567	24199	25332	24665	14308	21677	19861	16138	18434	15133	14935	19718	23068	9940	17594	12534	18735	20832	16516	21065	19438	23377	16023	16862	15415	14148
"235"	24963	24113	22733	24106	24085	13526	20965	18076	14821	17584	14106	14166	18252	21523	9269	16643	12002	17932	19671	14551	19252	18384	22104	15085	15736	14309	13277
"236"	23753	23114	21905	22988	22631	12652	19113	17126	14187	16997	13687	13419	17289	20446	8665	15610	11284	16688	18170	13690	18297	17368	20704	14272	15146	13686	12630
"237"	22837	22076	20424	21735	22147	12071	17818	16202	13465	15777	12901	12514	16224	19137	8333	14537	11007	16192	17438	13154	17369	15823	19154	13792	13669	13031	12129
"238"	21709	21209	19120	21012	20852	11578	17256	15359	12843	15192	12054	12068	15566	18014	8115	14076	10565	15274	16576	12708	16684	15591	18576	13092	13141	12716	11581
"239"	21399	21220	18489	20517	20124	11020	16290	14790	11775	14673	11777	11515	14691	17137	7658	13300	10250	14811	15889	12147	16067	15169	17583	12604	12703	11934	10706
"240"	20860	20442	18084	19761	19909	10781	15698	14295	11108	13748	11362	11192	14238	16062	7642	12574	9665	14420	15405	11851	15360	14823	16891	11657	12240	11417	10314
"241"	20290	19750	17548	19264	19743	10646	15300	13539	11131	13348	10489	10944	13363	15400	7292	12109	9340	14076	14150	11442	14858	14550	15947	11377	11898	10644	10183
"242"	19924	19374	16859	19369	19542	10433	14794	13153	10613	12945	10327	10816	12702	14695	6987	11204	9237	13698	13791	10997	14386	14307	15550	11135	11707	10731	9873
"243"	19201	18771	16470	18982	18803	10108	14446	12146	10233	12679	9998	10583	11996	14318	6936	10785	9026	12625	13368	10531	13365	13919	15113	10718	10929	10070	9418
"244"	18348	18390	16360	18431	18390	9548	13622	12046	9902	12542	9883	9840	11846	13799	6759	10750	8946	12313	12953	10267	13463	13243	14990	10525	10544	9960	9280
"245"	17878	17666	15470	17668	17831	9341	12866	11304	8974	11836	9208	9537	11176	13414	6492	10178	8481	11948	12480	9840	12522	12747	14133	9788	9998	9665	8472
"246"	17311	17203	14870	17251	17629	9075	12622	10955	8653	10854	9211	9214	10917	12552	6383	9843	8308	11639	12027	9630	12606	12397	13303	9724	9574	9155	8269
"247"	17205	17033	14788	16413	17202	8895	12359	10784	8648	10801	8910	9224	10248	11717	6351	9217	7879	11430	11829	9267	12308	12316	12967	9143	9507	9071	8092
"248"	16699	16544	13947	16359	16813	8681	12114	10419	8503	10722	8388	9109	9925	11445	6045	9235	7899	11120	11470	9010	11692	11886	12599	9008	9162	8606	7979
"249"	16300	16363	13862	16059	16306	8972	11714	9898	8211	10722	8271	9343	9678	11263	5840	8806	7629	11122	11043	8883	11314	12017	12266	9019	9148	8461	8067
"250"	16261	16395	13562	15857	16125	8525	11512	9802	8218	10152	8171	8784	9482	10823	5835	8477	7763	10990	10694	8604	11058	11557	11899	8751	8995	9088	7880
"251"	15694	15671	13631	16034	15761	8503	11300	9495	7740	10398	8241	11558	9502	10825	5765	8159	7627	10331	10618	8463	11169	11483	11785	8610	8444	8213	7413
"252"	15767	15735	13408	16011	15952	8611	11234	9678	7927	9956	8319	8059	9622	10922	5948	8190	7685	10407	10600	8569	10886	11216	11728	8624	8449	7899	7292
"253"	15898	15779	13363	15736	16064	8734	10839	9465	7984	9764	8214	6407	9638	10282	6029	8062	7467	10589	10409	8546	10787	11484	11380	8477	8470	8180	7753
"254"	15191	15655	13182	15727	15909	9032	10819	9296	7974	9805	7873	6658	11560	10288	5773	7994	7470	10339	10324	8340	10519	11238	10959	9605	8374	9545	9574
"255"	15195	15514	13090	15365	15857	10570	10872	9218	7741	9918	8230	6984	8324	10015	5747	7936	7654	10364	10227	8910	10465	11294	10788	8222	8367	6927	6578
"256"	14630	15018	12805	14596	15052	8058	10810	9099	9539	10072	10018	6752	6830	9798	5690	7832	7633	10454	9738	8091	10486	11209	10915	7586	8485	5705	5297
"257"	14754	15210	12544	14939	15451	6983	10398	9253	6800	12994	6815	6704	7215	9866	5829	7373	7812	10274	9817	8363	12456	11035	10778	8811	10623	5796	5401
"258"	14264	14817	12358	14698	14582	7088	10193	9319	5408	9040	5682	6703	7736	9730	5988	7492	7692	9891	9637	8484	9858	10841	10551	8290	7475	5814	5548
"259"	14560	14979	12489	14469	14594	7944	10212	11191	5501	7397	5644	6452	6786	9699	7378	7257	9741	9834	9707	11799	9188	10977	10512	6357	6201	5752	5582
"260"	14398	14523	12614	14259	14982	7184	10579	8712	5760	7479	5872	6541	6403	9478	5374	7223	6894	9828	9372	7604	9392	12149	10501	6056	6248	5845	5355
"261"	14129	14341	12667	14599	14841	6754	10809	7557	5666	7642	5937	6777	6509	9543	4859	7149	5764	9896	9718	6184	11222	11132	10259	6114	7077	5845	5168
"262"	14384	14478	12654	14617	15101	6933	12352	7768	5849	7727	5979	6792	6496	9628	5675	7165	6202	10035	9447	6243	8560	10644	10004	6316	6298	5798	5201
"263"	14488	14661	12729	14798	14999	6880	10169	8660	5785	7866	6030	6820	6515	9807	4943	7082	6005	9971	9298	6623	7520	11298	10048	6450	5905	5639	5057
"264"	14103	14800	12614	13939	14665	7008	9177	7824	5762	7797	6003	6638	6616	12604	4603	6991	6126	10082	9400	6440	7892	14512	10161	6432	5930	5658	4966
"265"	14090	14208	12572	13980	14804	6948	9385	7213	5800	7679	6055	6755	6461	9168	4619	7159	6137	9934	9515	6651	7778	9953	10015	6380	6081	5659	5159
"266"	13771	14332	12545	14146	14425	6835	10631	7116	5578	7678	6041	6776	6491	7846	4781	7135	6142	9816	9509	6659	7717	8522	10073	6270	5888	5565	5103
"267"	13979	14561	12513	13865	14551	7125	9101	7075	5528	7713	5987	6763	6392	8084	4618	7246	6056	9931	9443	6542	7731	8605	10030	6332	5813	5520	5000
"268"	13923	14325	12517	13823	14360	6967	8191	7238	5787	7649	5993	6697	6280	8701	4929	7362	6094	9866	9504	6431	7901	8690	10195	6239	5812	5350	4914
"269"	13848	13850	12345	14071	14156	6800	8077	7178	5543	7649	5793	6707	6432	7957	4808	8329	5947	10048	9582	6554	7651	9021	9821	6269	5899	5389	4779
"270"	13812	14185	12423	14255	14654	6986	8744	7355	5749	7746	6086	6788	6460	7925	4841	6927	6234	10150	10047	6423	7618	8983	9825	6399	5759	5437	4764
"271"	14051	14022	12736	13718	14533	7016	8886	7518	5685	7932	6244	6944	6298	7825	4881	6498	6314	10371	9649	6773	7776	9382	10124	6491	5764	5521	4828
"272"	13584	14441	12714	13971	15040	7097	8827	7461	5838	8020	6192	7205	6410	8036	4813	6745	6448	10127	9851	6813	7864	9503	10260	6459	5752	5499	4679
"273"	14052	14643	12814	14164	15168	7333	9036	7745	5719	8018	6384	7440	6439	8210	5130	8238	6623	10384	10332	6840	7903	9564	10356	6685	5903	5493	4814
"274"	14202	14523	13215	14179	14929	7412	9127	7883	5786	8283	6452	7518	6432	8411	5094	6368	6695	10422	12909	7070	7934	9691	10477	6622	5863	5490	4712
"275"	14107	15072	13207	14261	15017	7226	9222	7981	5815	8377	6337	7655	6617	8277	5170	5813	6694	10634	9073	7155	7835	9884	10576	6747	5780	5448	4546
"276"	13997	14825	13380	14222	14889	7510	9161	7897	5779	8311	6453	7634	6445	8304	5082	5786	6809	10935	7693	7150	8027	9962	10744	6692	5692	5453	4711
"277"	14269	14157	13423	14479	14923	7516	9433	8008	5747	8320	6604	7785	6453	8286	5060	6005	6786	11664	7684	7302	7956	10088	12377	6808	5523	5424	4508
"278"	14192	14236	13453	13869	15055	7591	9462	8117	5900	8616	6497	7758	6577	8196	5118	6101	6738	10788	7851	7351	8044	10124	10253	6825	5612	5492	4615
"279"	14550	14543	13377	14038	15156	7560	9445	8254	5769	8592	6866	7919	6531	8401	5220	6214	6955	10936	8281	7465	8019	10153	9912	7045	5682	5405	4613
"280"	14147	14771	13856	14530	15770	7946	9807	8372	5953	8696	6907	8225	6653	8444	5386	6373	6956	12990	8315	7729	8159	10395	10628	7120	5859	5635	4735
"281"	14692	15059	14500	15180	16003	8455	9984	8960	6176	9264	7035	8969	6928	8596	5602	6587	7429	14001	8516	8038	8611	11029	13850	7422	5938	5686	4888
"282"	14953	15871	16649	16030	16715	8605	10605	9305	6407	9684	7467	9528	7186	9138	5746	6826	7802	10609	8850	8465	8923	11339	10205	7725	6026	5899	4987
"283"	15695	16437	15503	16233	18428	9148	10828	9655	6562	10073	8035	9782	7565	9509	6052	6877	8204	9692	8883	8829	8996	11826	9264	8187	6241	5984	4932
"284"	15784	16432	15252	16234	17704	9405	11008	9968	6831	10376	8023	10070	7560	9663	6190	7023	8302	9963	9258	9060	9400	12439	9593	8454	6327	6220	4959
"285"	15821	16871	15836	16848	17521	9388	11057	10326	6892	10616	8353	10266	7502	9605	6242	7183	8720	10421	9253	9139	9558	12743	9862	8497	6613	5994	5088
"286"	16401	17551	19611	21063	18116	9898	11588	10585	6949	10810	8434	10399	7807	10022	6302	7069	8819	10751	9554	9519	9591	13110	10061	8662	6473	6217	5078
"287"	16657	22885	15444	16036	22980	10230	11553	10736	7067	11351	8604	10850	8084	10124	6627	7329	9078	10944	9541	9642	9945	13203	10517	8648	6619	6417	5225
"288"	16233	16824	13585	13519	17359	10355	12078	11226	7252	11668	8899	11286	8067	10294	7016	7351	9320	11182	9791	10061	10209	13628	10620	9013	6698	6550	5378
"289"	17220	13932	14246	14021	15188	10980	12625	11725	7549	11904	9150	11782	8387	10688	7008	7681	9635	11500	10123	10557	10699	14116	10827	9475	6819	6685	5543
"290"	18105	14576	14979	14755	16295	11490	13043	12089	7772	12676	9474	12151	8738	10733	7379	7852	10082	11870	10325	11057	10978	14847	11157	9696	7218	6859	5699
"291"	18002	15591	15893	15773	17208	12020	13616	12658	8006	12893	9925	12880	8998	11417	7666	8161	10617	12397	10685	11441	11186	15279	11399	10113	7461	7089	6032
"292"	18600	16132	16671	16139	17655	12361	14127	13599	8519	13947	10311	13311	9491	11857	7988	8553	10994	12938	11132	11920	11648	15855	11922	10730	7682	7435	6091
"293"	20093	16636	17267	16678	18762	12964	14600	13984	8784	14415	10928	14017	9754	12431	8137	8949	11665	13421	11279	12369	12272	16682	12512	11053	7886	7681	6402
"294"	25968	17142	18017	17461	19507	13829	15229	15034	9010	15061	11425	14736	10047	12606	8554	9133	12053	14034	11677	13127	12749	17420	12646	11772	8197	7856	6578
"295"	19047	17687	18374	18019	19890	14513	15822	15679	9488	15612	11643	15204	10702	13128	8782	9481	12674	14543	12132	13802	13363	18031	12929	11670	8718	8243	6765
"296"	16399	17923	18927	18565	20358	15227	16385	16160	9875	16416	12277	15752	10971	13411	9125	9742	13183	15259	12685	14399	14041	18828	13494	12417	8678	8465	6950
"297"	17387	18644	19789	19022	21157	16014	17247	17029	10396	17629	12850	16495	11397	14102	9627	9866	13612	15407	12965	14782	14684	19521	13880	12709	9124	9009	7344
"298"	18533	18780	20490	19810	22114	16833	17868	17941	10646	18294	13179	17333	12016	14570	10097	10333	14657	16336	13630	15615	15463	20625	14624	13677	9637	9277	7668
"299"	19509	19686	21152	20102	22736	17988	18900	19027	11063	19523	13965	18356	12566	15237	10557	10820	15340	17191	13969	16386	16193	21800	15206	14234	9875	9671	7936
"300"	20070	20358	22198	21279	23734	18660	19701	19766	11919	20042	14531	18943	12994	15613	10718	11131	16203	17714	14620	17186	16934	22718	15671	14704	10393	10081	8207
"301"	20822	21065	22879	21637	24361	19576	20238	20648	12228	20897	15010	19912	13471	15975	11057	11578	16564	18516	15083	17555	17539	23493	15993	15358	10752	10554	8641
"302"	21360	21411	23420	22085	25125	20183	21217	21640	12696	21634	15471	20462	13991	16614	11713	12223	17478	19277	15725	18543	18080	24554	16742	15934	11217	10919	8973
"303"	22183	22148	24751	23325	25927	20821	21994	22863	13223	22601	15804	21172	14453	17356	12025	12533	18206	20138	16355	19033	19067	25231	17364	16343	11670	11539	9156
"304"	22715	22725	25577	24139	26794	22107	22865	23783	13898	23687	16419	21979	14929	18157	12703	13242	19050	21006	17037	19757	19749	26567	17984	16951	12121	12199	9536
"305"	23708	23757	26929	25118	27660	23284	23995	25402	14549	24609	17291	23206	15762	18813	13405	13608	19998	21927	17990	20602	20964	27384	18934	17876	12637	12533	10215
"306"	24518	24972	28358	25906	28801	24553	25576	26399	15182	25769	17908	24130	16462	19813	13814	14504	21335	23116	19156	21913	21954	28973	19634	18884	13592	13362	10901
"307"	25883	25674	29583	27335	30432	26299	26655	28235	16023	27246	18777	25313	17480	20756	14740	15007	22425	24340	19832	22715	23123	30537	20793	19639	14330	13795	11572
"308"	26381	26621	30935	28170	31264	27703	27997	29196	17120	28475	19519	26046	18180	21290	15331	15664	23345	25502	20928	23847	24176	31806	21523	20524	14809	14514	12045
"309"	27427	27448	32271	29283	32452	29040	29171	30827	17869	29639	20079	26923	19189	22286	15744	16486	24521	26395	21916	24647	25607	33018	22058	21307	15663	15190	12507
"310"	28147	28112	33137	30286	33512	30574	30210	32366	18599	30614	20781	27326	19991	22910	16498	17177	25574	27828	22956	25532	26442	34392	23402	21510	16514	15841	13187
"311"	28529	29226	34278	31186	34467	31492	30898	33253	19734	31053	21323	28129	20409	23835	17067	17414	26357	28400	23734	25973	27332	35652	23824	22451	17108	16303	13576
"312"	29091	29525	35296	31992	34871	32735	32014	34495	19805	32340	21690	28921	20750	24439	17424	18054	26955	29482	24703	26731	28574	36581	24571	23125	17534	16663	13860
"313"	30227	30512	36397	33123	35790	33618	32347	35465	20687	32719	22244	29080	21385	24776	18122	18546	27698	30370	25480	27090	29107	37187	24984	23493	18045	17128	14453
"314"	30999	31076	37567	33328	36813	35057	33473	36556	21025	33449	22750	29692	21763	25903	18505	19094	28377	31354	26207	27704	29664	38270	26262	24118	18744	17722	15048
"315"	31786	32110	38958	34354	37513	35911	34439	37970	21669	34371	22965	29931	22428	26691	19061	19763	29047	32589	27063	28091	30912	39095	26763	24369	19409	18342	15348
"316"	32325	32797	39697	35391	37855	36512	35501	38937	22426	34972	23125	30320	22920	27196	19504	20285	29938	33542	28474	29051	32024	40241	27731	25224	19749	18522	15942
"317"	33079	33272	41033	36098	38227	37752	35996	39805	22822	35259	23475	30638	23665	28091	19869	20571	30313	34861	29271	29519	32767	41064	28413	25489	20446	18958	16484
"318"	33706	34350	42307	36859	39136	38768	36951	40674	23566	35861	23824	30577	24283	28974	20282	21532	31289	35315	30353	29638	33867	41679	29272	25883	21057	19702	16776
"319"	34471	34939	43236	37605	39714	39734	37490	41418	24333	36785	24419	30619	24662	29322	21002	22048	32140	36545	31023	30263	34453	42274	29946	26373	21709	20180	17584
"320"	34897	35409	44107	38113	40605	40270	38051	41872	24868	37179	23981	31493	25130	29472	20856	22689	32412	37303	31891	30277	34999	42580	30375	26527	22208	20434	17838
"321"	35293	36031	44915	38841	40663	41482	38821	43147	25158	36923	24493	31221	25500	30434	21513	23096	32736	38119	33123	30669	35860	43534	31083	27404	22952	20832	18657
"322"	35892	36251	46077	39486	41260	42000	38979	44205	25879	37376	24379	31030	26139	30264	21832	23743	33364	38879	33463	31102	36714	43961	31636	27397	23060	20941	18951
"323"	36022	36943	46898	40079	41312	42508	39289	44254	26035	37612	24471	31131	26209	31384	21925	24100	33786	39759	34594	31339	37245	43945	32003	27552	23370	21344	18646
"324"	36815	37261	47709	40496	41480	43201	39671	44888	26662	37800	24593	31167	26510	31618	22151	24301	33832	40212	35329	31330	37128	44498	32479	27818	23833	21667	19312
"325"	37111	38167	47274	40927	41839	43232	40185	45106	26760	37755	24493	31079	26892	32127	22296	24529	33945	40959	35449	31414	37362	44760	33005	28174	24326	21618	19557
"326"	37291	38158	48393	40896	41721	43528	39969	45209	27084	37832	24366	31008	26659	31914	22235	24798	34067	41329	35938	31164	37513	44472	32920	28736	24705	21787	19620
"327"	38089	38250	48481	41042	41831	43345	40107	45265	27227	37587	23843	30278	27168	32269	22007	25258	33857	41553	36562	31143	37663	44104	33366	28421	24664	21677	19732
"328"	37942	38207	49080	41471	41829	43516	40236	45281	27389	36920	24004	30166	27246	32728	22363	25677	33515	42198	37005	30797	37487	45128	33697	28495	24786	21770	20330
"329"	37882	38552	49376	41357	41480	43932	40347	45456	27181	37095	23600	29947	27437	32600	22396	25765	33641	42349	37948	30763	37830	44699	34009	28360	25006	22312	20441
"330"	38239	38892	49888	41770	41889	43640	40031	45547	27868	37246	23520	29683	27612	33088	22376	26092	33588	42857	38433	30830	37955	44477	34792	29050	25599	22301	20834
"331"	39105	39126	50036	42084	42145	44127	40487	45801	27848	37073	23564	29447	28036	33136	22700	26368	33668	44031	39087	30433	37867	44551	34610	29211	25242	22648	20856
"332"	39237	39616	51201	42498	42043	44052	40548	46073	28401	36706	23530	28888	28164	33674	22527	26911	33236	44154	39512	30736	38532	44480	35200	29242	26031	23095	21439
"333"	39978	39825	51121	42924	42119	44337	40573	45905	28352	36630	23400	28914	28358	33968	22786	26794	33804	44618	40243	30953	38471	44471	35296	29483	26142	22679	21522
"334"	39599	39858	51408	42497	42201	44397	40493	46010	28306	36893	23117	28899	28494	33843	22682	27207	33523	44934	40486	30176	38337	44298	35284	29897	26313	22893	21579
"335"	39817	39799	51133	42588	42010	43670	40281	46006	28192	36370	22886	28431	28395	34162	22573	27351	33427	45122	40639	30299	38248	43746	35744	29680	26008	22662	21615
"336"	40061	40016	51510	42184	41526	43609	40122	44941	27892	36166	22671	27827	28354	33673	21907	27450	32518	45103	40756	29701	37220	43107	35545	29526	25961	22780	21455
"337"	39911	39687	50825	41791	41130	43121	39740	44504	28140	35669	22271	27170	28031	33440	22011	27331	32291	44983	40659	29199	37055	42882	35598	29438	25490	22517	21160
"338"	39696	39515	50180	41872	40633	42305	39188	43865	27696	34863	21917	26947	27623	33184	21995	27191	31843	44299	40390	28917	36528	41982	35528	29190	25570	22096	21078
"339"	40224	39475	50200	41848	40711	41665	38870	42960	27700	34730	21489	26366	27523	33069	21432	27368	31522	44439	40116	28745	36045	41428	35442	29001	25462	21973	20912
"340"	40397	38883	49723	41473	39824	40798	38595	42816	27285	33743	21120	26034	27421	33448	21330	27096	31289	44230	40437	28316	35278	41025	35591	29168	25393	21924	20487
"341"	40662	39382	49759	41159	40201	40383	38122	42524	27243	33846	20758	25363	27130	33148	21148	27430	30604	44050	40376	28104	35091	40537	35604	29131	25114	21728	20216
"342"	40579	39629	49634	41373	39554	40035	38365	42130	26865	33477	20985	25368	27635	32770	20741	27607	29922	44051	40316	27953	34909	40408	35753	29274	25206	21623	20151
"343"	40780	39323	49499	40958	39301	39687	37843	41442	26931	33228	20427	25125	26938	33021	20712	27543	29823	44213	40606	27652	34515	40104	35813	29233	24531	21463	20077
"344"	41117	39681	49690	40282	39344	39362	37542	41199	26739	33137	20490	24839	27123	32658	20549	27674	29709	44280	40449	27320	34015	39452	36043	29049	24326	21232	19761
"345"	41265	39375	49180	40749	39173	38230	37637	41281	26243	32653	20278	24258	27019	32972	20405	27443	29378	44103	40682	26679	33838	39284	35991	29025	24184	21446	19641
"346"	41316	39395	49250	40585	39351	38161	37502	40365	26241	32486	19857	24101	27214	32232	20151	27490	28712	43947	40541	26687	33309	38880	35864	28944	23957	20987	19452
"347"	41507	39311	48454	40255	38997	37362	36944	39688	25972	31852	19721	23573	26805	32165	19575	27474	28220	43408	40220	26167	32850	38112	35732	29058	23505	21097	19202
"348"	41713	38749	48160	39834	38955	37014	36165	39031	25734	31890	19420	23388	26693	31660	19763	27534	28205	43483	39972	25961	32548	37414	35471	28887	22995	20404	18947
"349"	42455	39214	48060	39489	38060	36122	35773	38187	25496	30992	19021	22996	26272	31606	19467	27323	27307	42430	39780	25111	32046	37204	35429	28604	22604	20116	18490
"350"	41660	38773	47569	39003	37930	35450	35831	38047	25156	30859	18727	22418	26229	30799	19065	27009	27135	42432	39218	24610	31266	36352	35352	28459	22289	20055	18193
"351"	41678	38112	46917	38262	37405	34640	35072	37128	24959	30271	18659	22180	26022	30606	18387	26864	26623	41904	38282	24295	30845	35978	35324	28327	22056	19584	17649
"352"	41314	38214	46371	38202	37278	33960	34908	36529	24785	29707	18046	22038	25964	30700	18172	26789	26148	41754	38579	23962	29919	35130	34999	28202	21506	19447	17433
"353"	41477	38279	45973	37734	36846	33206	35059	35578	24208	29609	17687	21699	25463	30596	17852	26473	25550	41480	38326	23713	29394	34634	34814	28131	20856	19337	16809
"354"	41439	37613	45519	37340	36802	32604	34138	35145	23837	29198	17991	21110	25049	30086	17461	26193	25111	40815	37747	23003	28880	33843	34618	28001	20415	18827	16829
"355"	40921	37653	44547	37374	36063	31852	33643	34631	23665	28312	17500	20715	24886	29312	17097	26299	24668	40351	37460	22753	28417	33195	34489	27531	20224	18496	16201
"356"	41166	37271	44624	36913	35972	30798	33172	34122	23094	28158	17219	20435	24220	28771	16855	25586	24275	39838	36936	22387	27858	32905	34299	27294	19758	18155	15940
"357"	40797	36419	44068	36178	35275	30668	32996	33643	22976	27795	16880	20077	24235	28579	16675	25463	23644	39072	36594	22073	27508	31919	34037	27089	19212	18012	15586
"358"	40730	36825	43274	36073	35074	29676	32312	32976	22346	27357	16553	19777	23909	28345	16225	25220	23213	38742	36085	21539	26974	31662	34277	26764	18617	17523	15378
"359"	40750	36358	43130	35744	34918	29078	32089	32002	21919	26962	16158	19560	23580	27723	15784	25070	22764	38087	35521	21273	26341	30749	33773	26623	18411	17394	14838
"360"	40879	36133	42494	35160	34706	28636	31559	31324	21891	26423	16117	19134	23014	27501	15715	24394	22342	37599	35071	20886	25901	30383	33463	26185	17628	17168	14385
"361"	40186	35723	41537	34555	33868	27630	30970	30699	21361	25866	15796	18881	22727	26849	15197	24229	21927	36899	34350	20562	25234	29837	32808	25645	17212	16554	14058
"362"	39768	35060	41125	33871	33725	27046	30883	30237	20699	25702	15372	18465	22682	26702	14935	23499	21300	36195	33712	19658	24485	29202	32637	25719	16533	16208	13687
"363"	38828	34138	40232	33446	32868	26530	30063	29728	20286	25114	14997	18067	21781	26075	14609	23410	20801	35823	33177	19220	23915	28294	31733	25210	16325	15815	13239
"364"	38761	34022	39455	32781	32395	25442	29489	28920	19568	24430	14797	17708	21675	25390	14006	22773	20097	34858	32647	18914	23373	27724	31575	24598	15498	15223	12642
"365"	38215	33740	38873	32180	31764	24674	28692	27965	18989	24151	14331	17335	20980	24917	13657	22345	19647	33962	31785	18308	22712	26996	31137	24114	15104	14912	12470
"366"	37515	33207	38030	31594	30924	23926	28401	27259	18562	23480	14033	16762	20317	24162	13322	21691	18987	33092	31407	17969	22082	26203	30677	23821	14807	14660	11809
"367"	37269	32501	37170	30974	30583	23310	27920	26634	18332	23077	13589	16553	19756	23717	12945	21309	18743	32496	30551	17411	21920	25564	30411	22782	14432	14386	11833
"368"	37068	31947	36488	30503	30169	22533	26985	25968	17626	22269	13466	16032	19427	22942	12451	20810	17861	32011	29826	17109	21341	25160	29767	22622	13902	13731	11535
"369"	36310	31672	36025	29924	29727	21926	26486	25344	17194	22011	13064	15642	19051	22655	12122	20211	17428	30932	29645	16533	20748	24128	29566	22114	13386	13659	11273
"370"	36062	30861	35151	29397	29136	21150	25833	24734	16661	21400	12595	15212	18622	22271	11778	19609	17079	30491	28447	16265	20327	23706	28993	21708	12973	13263	10951
"371"	35025	30677	34075	28571	28180	20488	25382	23881	16409	20615	12490	14612	18038	21751	11331	19424	16468	29640	27906	15678	19569	23406	28655	21366	12455	12870	10221
"372"	34385	30035	33765	27868	27832	19989	24633	23413	15631	20066	12199	14325	17662	20857	11100	18565	16256	28772	27153	15262	19083	22765	28030	20880	12055	12343	9892
"373"	33388	29008	32472	27169	27148	19210	23576	22620	15177	19605	11734	13844	16933	20218	10632	17937	15405	27953	26416	14947	18556	21563	27442	19906	11685	11893	9651
"374"	32872	28450	31751	26752	26087	18246	23278	21967	14752	18805	11484	13399	16308	19529	10305	17704	14873	27028	25867	14437	17660	21121	26443	19622	11002	11755	9036
"375"	32272	27867	30849	25506	25877	17505	22424	21375	13851	18100	10965	12770	15769	18870	9905	16883	14341	26208	24595	13966	17150	20290	25643	18814	10780	11318	8892
"376"	31392	26914	30317	24738	25064	16984	21614	20588	13324	17607	10748	12451	15146	18072	9370	16159	13709	25357	24135	13443	16524	19577	25302	18393	10040	10591	8445
"377"	30806	26054	29208	24173	24510	16214	20829	19699	12959	16951	10091	11902	14568	17537	9175	15517	13445	24269	23007	12709	16000	18921	24621	17754	9902	10222	8255
"378"	29769	25860	28335	23802	23477	15788	20371	18842	12592	16486	9842	11362	14133	16944	8683	14877	12876	23588	22599	12274	15651	18098	23881	17002	9708	10154	8081
"379"	29197	24775	27359	22882	22867	14860	19677	18466	11831	15798	9559	10937	13692	16319	8388	14302	12315	22799	21934	11838	14987	17524	23761	16713	9074	9718	7587
"380"	28520	24332	26401	22374	22105	14570	19058	17744	11596	15299	9173	10669	13213	16016	8023	13887	11732	21951	20986	11494	14386	17181	22543	15747	8781	9256	7395
"381"	27860	23650	25872	21473	21443	14001	18421	17136	11016	14915	8829	10276	12641	15185	7641	13435	11429	21580	20673	11390	14203	16661	22223	15413	8388	9069	7027
"382"	26910	22757	25319	21075	21197	13585	17745	16678	10645	14103	8815	9899	12019	14711	7607	12865	10986	20675	19876	10964	13362	15819	21677	15068	8168	8728	6898
"383"	26515	22084	24227	20519	20410	12845	17071	16074	10054	13576	8165	9680	11629	14046	7192	12359	10668	19784	18999	10441	13187	15377	20852	14369	7626	8431	6749
"384"	25606	21592	23373	19775	19772	12001	16540	15418	9671	13227	7777	9210	11258	13636	6803	11779	10184	18959	18164	9965	12668	14599	20007	13761	7273	8011	6185
"385"	24449	20669	22589	18921	19153	11626	15964	14340	9273	12548	7455	8650	10544	13011	6572	11436	9760	18201	17391	9496	12188	14019	19303	13353	7036	7808	6009
"386"	23506	20075	21845	18055	18438	11087	15228	13990	8693	11953	7401	8288	10048	12514	6154	10657	9233	17262	16602	8960	11589	13386	18626	12531	6667	7448	5674
"387"	23115	19386	20956	17592	17661	10516	14244	13370	8218	11469	6801	7992	9543	11756	5812	10133	8865	16549	16084	8677	11087	13120	18135	12095	6276	6851	5421
"388"	22444	18606	20357	17042	17108	9943	14055	12616	7932	10874	6640	7453	8951	11133	5452	9690	8601	15642	15440	8275	10706	12595	17369	11638	6162	6663	5251
"389"	21679	17906	19372	16418	16538	9354	13218	12335	7651	10489	6327	7249	8673	10571	5385	9403	8124	15215	14662	7858	10235	11932	17126	11188	5749	6466	4898
"390"	20987	17269	19007	15978	15966	9113	12750	11867	7201	9888	6193	6979	8196	10082	5110	9093	7716	14526	14224	7707	9946	11325	16212	10559	5519	6086	4796
"391"	20079	16674	17941	15257	15726	8668	12220	11204	6854	9648	5725	6735	7897	9653	4837	8366	7564	13898	13558	7265	9474	10841	15753	10249	5335	5835	4587
"392"	19581	16255	17496	15044	15030	8266	11926	10662	6503	9254	5618	6336	7316	9284	4557	8262	7138	13509	12978	6952	9085	10492	14980	9904	5154	5763	4445
"393"	18862	15672	16808	14312	14472	7899	11239	10305	6326	8710	5295	6118	7028	8813	4472	7682	6708	12761	12591	6801	8743	10117	14327	9057	5009	5396	4239
"394"	18400	14981	15974	13838	14044	7417	10785	9817	5868	8202	5052	5931	6852	8416	4115	7443	6501	12095	11846	6353	8257	9785	13750	9082	4615	5232	4013
"395"	17563	14421	15164	13083	13452	7074	10296	9385	5641	7887	4902	5473	6416	8007	3960	6914	6184	11504	11267	6075	8065	9029	13503	8469	4527	4856	3832
"396"	16873	13865	14702	12688	12985	6660	9813	8878	5390	7464	4580	5295	6224	7618	3633	6657	5933	10917	10866	5720	7621	8639	12770	8075	4163	4710	3715
"397"	16297	13430	14240	12349	12504	6245	9383	8250	5081	7068	4448	5016	5727	6980	3549	6315	5603	10688	10205	5604	7368	8303	12283	7734	3925	4378	3450
"398"	15693	12724	13694	11938	12289	5915	8910	8003	4722	6746	4146	4708	5383	6756	3356	5979	5383	10133	9625	5339	6839	7819	11887	7285	3864	4127	3360
"399"	15263	12436	12777	11442	11708	5773	8520	7625	4470	6373	3980	4454	5199	6259	3168	5543	4983	9395	9440	4945	6730	7609	11309	6919	3638	3998	3279
"400"	14469	11945	12454	10875	11331	5432	8208	7216	4361	6075	3759	4262	4823	6165	3066	5405	4856	8930	8673	4672	6385	7199	10748	6653	3390	3771	3077
"401"	13963	11325	11864	10482	11114	5220	7758	6940	4245	5852	3531	4152	4668	5797	2821	4870	4553	8476	8441	4534	6118	6959	10305	6462	3251	3566	2931
"402"	13894	11094	11680	10328	10742	4820	7432	6638	3893	5589	3438	3866	4372	5427	2722	4791	4537	8420	8117	4325	5660	6510	9837	5937	3102	3409	2826
"403"	13075	10466	10911	10006	10415	4590	7043	6290	3740	5225	3151	3748	4270	5141	2568	4514	4144	7921	7699	4195	5558	6456	9336	5666	2937	3280	2625
"404"	12472	10445	10329	9404	9777	4405	6804	5753	3466	4991	3045	3618	3944	4980	2470	4265	4011	7391	7259	3977	5171	6014	8937	5435	2789	3133	2511
"405"	12074	9883	10204	9400	9761	4282	6476	5617	3414	4782	2992	3491	3820	4578	2325	4029	3862	7158	6864	3749	4976	5805	8417	5264	2652	3070	2480
"406"	11468	9402	9533	9036	9176	4024	6251	5455	3086	4688	2799	3268	3517	4290	2211	3927	3758	6712	6575	3557	4764	5571	8041	4841	2536	2711	2356
"407"	11285	8981	9287	8578	8916	3854	5941	5017	3023	4309	2660	3189	3460	4093	2113	3679	3541	6358	6288	3404	4547	5193	7830	4635	2260	2645	2200
"408"	10898	8679	8970	8294	8614	3650	5448	4840	2889	3937	2547	2939	3171	3831	2034	3492	3365	6135	5993	3319	4444	4963	7413	4414	2211	2507	2066
"409"	10364	8264	8463	8020	8451	3473	5405	4675	2676	3881	2475	2760	2941	3794	1854	3287	3066	5834	5620	3133	4125	4710	7016	4130	2087	2433	2021
"410"	10012	8071	8130	7647	8070	3193	5091	4355	2613	3740	2324	2655	2832	3533	1759	3066	3067	5504	5271	2945	4080	4591	6678	4041	2060	2235	1909
"411"	9680	7743	7703	7519	7872	3085	4889	4148	2394	3573	2146	2578	2698	3282	1686	2991	2835	5210	5131	2793	3846	4333	6411	3841	1939	2241	1847
"412"	9293	7382	7558	7434	7677	3000	4653	3921	2356	3350	2207	2493	2591	3165	1645	2756	2753	5134	4944	2683	3632	4026	6140	3530	1911	2035	1754
"413"	8973	7267	7188	6992	7475	2834	4432	3664	2323	3289	2001	2374	2421	2966	1603	2708	2722	4805	4615	2529	3418	4062	5941	3432	1803	1933	1737
"414"	8740	7046	6973	6847	7079	2716	4326	3552	2136	2960	1904	2330	2203	2843	1564	2555	2491	4741	4544	2425	3443	3812	5629	3289	1660	1888	1676
"415"	8467	6772	6502	6669	7053	2547	4076	3474	1963	2814	1816	2171	2206	2686	1360	2385	2369	4387	4250	2390	3207	3652	5347	3194	1593	1719	1572
"416"	7978	6484	6261	6311	6854	2550	3900	3266	1944	2794	1813	2174	2079	2678	1363	2316	2274	4237	4011	2185	2965	3617	5014	3046	1566	1681	1513
"417"	7745	6225	6190	6116	6422	2345	3671	3197	1927	2703	1677	1965	1972	2579	1233	2183	2241	3997	3833	2126	2853	3406	4880	2804	1532	1610	1400
"418"	7459	6177	5836	6003	6410	2320	3548	3058	1797	2575	1586	2010	1907	2239	1242	2137	2048	3869	3580	2131	2760	3198	4657	2742	1430	1500	1437
"419"	7179	5860	5558	5817	6278	2142	3407	2837	1763	2447	1504	1919	1848	2251	1163	1960	2080	3724	3476	2031	2689	2993	4496	2559	1332	1472	1362
"420"	7012	5673	5512	5607	6078	2167	3329	2719	1600	2363	1495	1840	1737	2034	1113	1983	1950	3421	3392	1908	2544	3036	4335	2454	1288	1405	1298
"421"	6802	5641	5129	5510	5942	2040	3119	2625	1553	2246	1415	1678	1658	1987	1094	1919	1876	3303	3230	1778	2407	2866	4148	2382	1193	1345	1239
"422"	6652	5213	5082	5357	5965	1976	3066	2459	1534	2192	1329	1792	1589	1969	1126	1775	1906	3206	3018	1729	2384	2837	4013	2225	1193	1237	1222
"423"	6242	5372	4803	5407	5808	2008	2987	2402	1450	2130	1314	1668	1612	1866	1008	1645	1847	3089	2878	1767	2310	2612	3829	2150	1117	1251	1117
"424"	6155	5080	4725	5224	5503	1924	2956	2324	1393	2026	1302	1658	1499	1812	958	1583	1742	3038	2885	1632	2105	2515	3557	2109	1091	1114	1068
"425"	5977	4809	4584	4966	5560	1899	2784	2206	1380	1934	1318	1575	1351	1749	888	1538	1672	2965	2644	1613	2124	2608	3462	2083	1095	1146	1102
"426"	5795	4774	4437	4952	5348	1831	2770	2167	1375	1952	1173	1536	1377	1696	928	1441	1704	2935	2595	1578	2034	2489	3331	1912	1001	1083	1123
"427"	5568	4584	4281	4725	5053	1765	2541	2182	1261	1863	1116	1546	1298	1582	876	1448	1551	2644	2455	1512	1896	2413	3177	1924	1005	1082	1026
"428"	5332	4603	4136	4693	5299	1687	2537	2025	1238	1799	1116	1394	1267	1606	896	1387	1607	2660	2380	1427	1935	2225	2991	1741	953	942	970
"429"	5297	4605	4021	4600	5002	1762	2514	1976	1198	1678	1174	1453	1212	1424	877	1349	1464	2574	2341	1443	1816	2267	2814	1736	976	973	931
"430"	5002	4358	4069	4509	4788	1683	2476	1963	1106	1637	1066	1404	1242	1399	843	1236	1494	2528	2174	1367	1805	2221	2715	1711	872	970	906
"431"	5153	4307	3991	4254	4843	1653	2452	1939	1115	1624	1038	1343	1137	1436	797	1221	1498	2481	2209	1350	1788	2231	2680	1539	846	864	877
"432"	5005	4184	3853	4386	4767	1695	2384	1936	1110	1610	1021	1387	1146	1332	820	1170	1432	2365	2124	1258	1734	2052	2642	1576	844	883	920
"433"	4899	4135	3687	4327	4715	1532	2327	1696	1057	1544	986	1337	1099	1282	791	1172	1491	2289	2094	1250	1709	2150	2519	1541	825	818	860
"434"	4773	4035	3530	4167	4717	1645	2258	1727	1037	1525	925	1396	1039	1274	792	1166	1406	2278	2005	1290	1575	1968	2435	1519	809	867	906
"435"	4584	4037	3656	4311	4641	1607	2190	1776	1134	1548	962	1392	989	1269	787	1123	1341	2265	1967	1254	1541	1995	2491	1494	780	784	821
"436"	4437	3918	3590	4071	4544	1607	2172	1734	991	1476	949	1258	992	1245	777	1083	1318	2221	1926	1195	1608	2011	2264	1497	786	837	827
"437"	4461	3914	3567	4035	4360	1545	2183	1719	1008	1475	994	1270	1024	1195	750	1054	1399	2201	1888	1255	1560	2026	2246	1411	787	749	787
"438"	4306	3784	3377	3998	4303	1527	2187	1692	922	1491	941	1166	921	1228	760	1062	1359	2190	1827	1188	1549	1911	2149	1317	794	757	775
"439"	4240	3733	3491	3987	4379	1702	2119	1583	966	1445	917	1313	913	1123	738	1053	1365	2036	1847	1121	1468	1937	2121	1340	676	732	844
"440"	4127	3722	3444	3853	4210	1597	2080	1597	971	1441	861	1277	983	1136	754	984	1315	2073	1793	1160	1473	1939	2109	1380	745	732	782
"441"	3918	3575	3287	3915	4260	1719	2068	1642	979	1397	864	1232	862	1145	698	1015	1272	2008	1720	1161	1461	1815	1953	1250	679	728	830
"442"	4086	3677	3283	3835	4320	1611	2078	1650	945	1466	938	1194	880	1114	747	970	1289	2096	1624	1152	1469	1850	1881	1275	710	759	740
"443"	4156	3614	3251	3887	4138	1589	2153	1604	990	1450	932	1263	921	1161	737	901	1289	2088	1683	1152	1364	1828	1860	1283	735	680	792
"444"	3947	3560	3288	3871	4297	1609	2011	1558	941	1344	887	1206	932	1100	739	964	1273	2049	1715	1158	1395	1862	2009	1254	708	705	781
"445"	3870	3632	3258	3791	4208	1672	2219	1602	992	1418	901	1229	955	1109	741	904	1334	2042	1640	1144	1403	1904	1838	1268	708	719	755
"446"	3934	3655	3256	3860	4103	1655	2113	1656	934	1450	856	1295	917	1166	824	958	1341	2068	1716	1149	1422	1872	1782	1190	739	753	837
"447"	3830	3460	3230	3820	4239	1790	2176	1690	979	1400	880	1238	912	1080	767	943	1287	2082	1593	1131	1379	1891	1916	1193	702	726	736
"448"	3869	3456	3175	3826	4135	1746	2132	1711	976	1426	912	1271	881	1167	776	919	1318	2048	1561	1153	1402	1916	1758	1239	725	714	775
"449"	3672	3575	3268	3718	4227	1763	2155	1672	957	1421	849	1260	918	1134	788	938	1297	2167	1628	1098	1352	1902	1753	1141	744	721	714
"450"	3714	3502	3126	3713	4076	1801	2135	1645	950	1403	887	1268	882	1133	764	927	1259	2029	1696	1206	1362	1926	1747	1174	703	685	779
"451"	3787	3565	3306	3754	4185	1848	2123	1733	958	1524	847	1301	914	1108	784	888	1417	2205	1633	1213	1396	1918	1783	1187	783	726	820
"452"	3668	3484	3287	3621	4043	1850	2127	1786	1034	1443	873	1306	906	1124	760	928	1443	2183	1624	1197	1459	1991	1683	1182	699	733	787
"453"	3648	3587	3362	3775	4064	1922	2247	1784	1039	1460	861	1336	942	1193	789	977	1356	2161	1725	1195	1385	2065	1633	1216	757	715	806
"454"	3629	3572	3439	3826	4057	1933	2301	1742	1084	1522	881	1296	961	1158	884	1006	1370	2232	1720	1150	1475	2146	1765	1181	790	749	832
"455"	3678	3574	3366	3850	4154	1940	2209	1840	1047	1545	937	1332	1017	1194	868	1014	1450	2224	1741	1245	1453	2054	1770	1199	831	785	797
"456"	3623	3515	3405	3865	4098	2031	2261	1859	1049	1594	878	1263	965	1201	811	995	1464	2326	1754	1189	1457	2058	1659	1225	781	723	772
"457"	3588	3591	3507	3766	4173	2024	2357	1884	1030	1550	972	1331	927	1201	863	989	1390	2277	1682	1277	1469	2028	1705	1201	771	810	873
"458"	3639	3461	3379	3744	4118	2118	2233	1888	1030	1566	921	1350	950	1246	833	1048	1493	2225	1751	1193	1449	2011	1818	1182	830	740	859
"459"	3500	3605	3501	3807	4096	2062	2255	1882	1133	1515	853	1381	989	1232	851	941	1446	2293	1690	1194	1481	2023	1699	1216	802	754	885
"460"	3558	3611	3404	3666	4099	2010	2380	1897	1096	1592	912	1324	937	1252	844	975	1428	2291	1743	1206	1456	1966	1751	1177	808	717	865
"461"	3536	3676	3526	3703	3938	2108	2311	2012	1143	1597	926	1264	994	1275	832	914	1390	2343	1777	1181	1479	2104	1731	1157	857	820	909
"462"	3547	3542	3558	3727	4120	2208	2327	1895	1151	1603	893	1326	1015	1240	855	990	1423	2384	1782	1165	1520	2126	1742	1251	886	723	914
"463"	3584	3614	3752	3713	4147	2199	2383	2017	1176	1644	940	1380	1045	1301	922	1018	1500	2425	1853	1233	1544	2154	1721	1256	884	844	957
"464"	3667	3669	3678	3911	4262	2239	2519	2041	1170	1701	874	1366	1067	1248	900	1040	1474	2479	1819	1270	1535	2136	1729	1301	850	822	946
"465"	3612	3744	3736	3976	4166	2221	2488	2078	1155	1640	908	1450	1068	1314	934	979	1496	2507	1788	1281	1517	2182	1735	1269	930	784	916
"466"	3595	3745	3760	3756	4288	2345	2548	2169	1124	1591	978	1420	1050	1350	935	1027	1519	2521	1835	1260	1545	2194	1761	1239	925	862	953
"467"	3696	3792	3795	3861	4178	2242	2597	2158	1147	1595	961	1433	1055	1284	918	1101	1505	2499	1796	1339	1514	2174	1765	1274	920	834	922
"468"	3626	3716	3734	3900	4122	2291	2593	2108	1243	1718	928	1457	1075	1302	878	1037	1466	2542	1822	1201	1575	2095	1774	1258	948	812	985
"469"	3643	3832	3804	3775	4230	2254	2574	2023	1115	1675	967	1416	1087	1311	862	966	1455	2571	1877	1297	1466	2172	1737	1305	932	847	934
"470"	3530	3742	3935	3858	4152	2282	2610	2097	1142	1602	1034	1453	1113	1319	927	1047	1504	2528	1888	1302	1483	2074	1709	1289	941	819	953
"471"	3669	3814	3867	3904	4151	2367	2598	2110	1214	1722	1027	1387	1060	1349	873	1094	1429	2561	1976	1262	1485	2159	1689	1329	998	832	954
"472"	3535	3962	3798	3961	4164	2414	2603	2137	1147	1817	957	1440	1135	1302	952	1086	1501	2685	1837	1327	1526	2209	1739	1288	944	808	972
"473"	3688	3806	4023	3876	4184	2307	2683	2190	1209	1782	1019	1454	1109	1396	955	1106	1606	2656	1943	1230	1526	2226	1745	1305	986	837	1041
"474"	3650	3775	3816	3910	4274	2429	2728	2191	1257	1779	1000	1422	1143	1430	928	1117	1586	2726	1929	1361	1645	2263	1813	1415	973	850	1036
"475"	3726	3910	4067	3882	4368	2374	2796	2262	1273	1763	998	1559	1216	1381	980	1138	1507	2677	2052	1367	1530	2182	1752	1310	1011	896	1050
"476"	3794	3940	4003	3909	4301	2495	2695	2222	1216	1766	891	1527	1190	1439	981	1157	1540	2730	1937	1315	1575	2193	1855	1374	1018	854	1085
"477"	3698	3968	4043	3928	4318	2509	2691	2205	1256	1784	973	1544	1165	1411	854	1158	1517	2709	2036	1221	1534	2256	1849	1340	974	928	1020
"478"	3734	3800	4036	3975	4266	2512	2806	2235	1295	1796	988	1484	1137	1394	945	1076	1517	2689	1909	1289	1524	2192	1792	1401	1009	896	1013
"479"	3744	3952	4105	3951	4348	2472	2736	2269	1292	1788	1013	1538	1226	1408	979	1216	1543	2863	2027	1310	1549	2160	1732	1430	1021	893	1003
"480"	3735	4031	3939	3970	4414	2492	2860	2314	1325	1931	933	1539	1180	1383	962	1105	1590	2859	2070	1366	1543	2264	1822	1350	1017	836	989
"481"	3803	4029	4176	3944	4396	2452	2886	2297	1305	1877	1051	1640	1313	1449	1006	1151	1622	2817	2034	1345	1571	2222	1826	1408	1043	982	962
"482"	3752	4025	4133	3788	4372	2485	2885	2275	1331	1912	1044	1540	1229	1467	962	1187	1578	2869	1933	1352	1615	2300	1844	1325	1021	850	953
"483"	3810	4072	4284	3960	4324	2542	2851	2225	1378	1839	1053	1582	1208	1401	924	1094	1441	2850	2001	1340	1596	2272	1825	1454	995	887	1015
"484"	3763	4113	4217	3966	4285	2437	2968	2266	1260	1895	973	1560	1200	1461	1005	1176	1564	2846	2082	1244	1497	2162	1793	1390	949	899	979
"485"	3702	4070	4107	3986	4448	2459	2838	2102	1309	1826	1003	1490	1223	1387	944	1135	1635	2811	2043	1276	1473	2264	1761	1353	1031	902	994
"486"	3635	3956	4122	3923	4205	2385	2895	2227	1199	1812	981	1543	1160	1444	898	1167	1473	2778	2041	1292	1509	2104	1826	1421	986	849	1060
"487"	3657	4060	4041	3960	4179	2340	2823	2234	1330	1825	1056	1489	1179	1433	983	1160	1471	2718	1990	1248	1502	2138	1825	1412	989	900	965
"488"	3655	4042	4070	3954	4192	2385	2960	2208	1343	1795	993	1438	1164	1390	878	1127	1431	2785	2116	1249	1443	2188	1808	1367	939	850	936
"489"	3698	4049	4134	3835	4125	2281	2909	2238	1287	1853	949	1498	1261	1455	960	1154	1503	2840	2025	1209	1407	2169	1778	1389	920	879	929
"490"	3718	4033	4208	3832	4356	2286	2978	2059	1296	1887	1040	1421	1260	1424	901	1171	1489	2896	2018	1253	1393	2096	1777	1411	975	833	848
"491"	3644	4054	4142	3984	4269	2349	2952	2201	1256	1753	1050	1473	1167	1347	896	1150	1464	2805	2040	1272	1432	2028	1827	1429	862	853	886
"492"	3738	4150	4141	3801	4270	2142	2894	2165	1234	1869	953	1453	1214	1421	872	1142	1392	2777	2065	1191	1432	1992	1807	1312	873	875	899
"493"	3725	3987	4063	3896	4216	2220	2883	2132	1217	1832	945	1466	1202	1422	909	1124	1381	2798	1972	1090	1387	1990	1775	1308	872	803	865
"494"	3574	4115	3983	3904	4092	2145	2930	2146	1238	1849	943	1412	1072	1383	847	1111	1294	2749	2042	1151	1354	2013	1698	1349	887	801	785
"495"	3780	3998	4026	3849	4144	2052	2890	2082	1234	1767	891	1436	1159	1354	831	1036	1420	2705	1887	1195	1384	1969	1740	1286	827	764	821
"496"	3666	4067	3962	3892	4114	2088	2845	2035	1186	1678	920	1348	1160	1386	850	1082	1337	2635	1962	1112	1286	1940	1670	1282	811	760	783
"497"	3697	4044	3966	3735	4206	2107	2908	2044	1185	1747	909	1314	1148	1337	835	1104	1339	2770	1947	1103	1328	1893	1726	1324	802	776	780
"498"	3776	4074	3945	3757	4222	2047	2886	2106	1219	1775	909	1310	1089	1369	824	1064	1260	2718	2020	1183	1335	1882	1737	1306	795	761	760
"499"	3787	3899	4049	3794	4157	2022	2989	2058	1189	1799	955	1360	1167	1362	794	1073	1298	2688	1935	1075	1339	1857	1683	1230	855	780	733
"500"	3667	3914	3952	3775	4039	1996	2829	1951	1268	1737	888	1282	1238	1341	741	1071	1242	2691	1988	1142	1274	1987	1681	1340	771	732	718
"501"	3835	4157	3937	3749	4081	2002	2938	2058	1135	1778	915	1355	1161	1349	758	1076	1289	2718	1978	1080	1270	1795	1736	1258	834	718	725
"502"	3573	4008	3977	3687	4028	2034	3011	2098	1158	1781	947	1263	1152	1337	799	1097	1258	2614	1960	1130	1218	1781	1685	1262	757	745	720
"503"	3674	4160	3957	3738	4091	1947	2872	2008	1209	1739	871	1287	1071	1367	729	1049	1206	2638	2014	1083	1191	1780	1684	1283	737	719	679
"504"	3781	4110	3823	3674	4155	1887	2873	1929	1159	1793	907	1262	1104	1356	784	1077	1256	2665	1889	1063	1264	1751	1642	1225	742	700	625
"505"	3622	4058	3872	3697	3946	1848	2891	1956	1161	1698	896	1233	1033	1353	743	1013	1182	2757	1948	1058	1219	1758	1610	1345	740	697	642
"506"	3680	4039	3936	3658	4085	1873	2815	1946	1217	1733	879	1200	1056	1320	700	1035	1185	2597	1913	1072	1258	1743	1655	1243	731	708	630
"507"	3718	4133	3890	3679	4118	1842	2877	1876	1181	1677	806	1176	1084	1319	766	1094	1150	2679	2025	1037	1256	1805	1671	1264	741	707	633
"508"	3680	3976	3972	3748	4046	1821	2904	1847	1185	1694	869	1155	1000	1306	671	1089	1185	2647	1921	1021	1185	1760	1629	1226	668	650	598
"509"	3698	4026	3873	3693	3965	1772	2810	1938	1074	1691	875	1196	1084	1293	711	1120	1184	2496	1875	995	1181	1737	1668	1243	728	732	544
"510"	3678	4093	4008	3663	4089	1747	2871	1863	1178	1671	852	1191	1039	1303	706	1039	1207	2602	1844	1021	1164	1727	1625	1228	663	648	584
"511"	3746	4100	3929	3764	4051	1736	2793	1850	1165	1627	948	1192	1034	1364	674	1034	1109	2685	1924	968	1146	1732	1543	1230	652	693	567
"512"	3814	4003	3986	3649	3931	1766	2900	1855	1110	1597	797	1175	1083	1375	713	1054	1213	2478	1825	1015	1110	1636	1586	1214	671	674	578
"513"	3759	4120	3887	3587	3890	1736	2843	1819	1156	1657	812	1206	1070	1352	718	1062	1086	2594	1851	1022	1119	1680	1682	1212	598	664	591
"514"	3790	4007	3829	3744	4099	1683	2916	1790	1094	1665	815	1216	1018	1280	699	1023	1077	2526	1888	972	1095	1711	1622	1233	607	692	560
"515"	3736	4198	3913	3682	3976	1738	2822	1862	1119	1708	840	1190	993	1325	684	1090	1237	2401	1892	960	1182	1594	1677	1212	644	634	552
"516"	3665	4063	3978	3666	3937	1747	2770	1835	1179	1581	856	1146	1000	1252	669	1066	1155	2537	1795	972	1132	1670	1617	1278	602	649	554
"517"	3915	4038	3838	3645	4011	1705	2804	1838	1110	1654	811	1125	1029	1314	707	1002	1047	2526	1890	950	1242	1594	1620	1162	628	595	535
"518"	3696	4085	3996	3726	3939	1673	2725	1813	1099	1577	868	1120	974	1337	646	980	1120	2454	1816	964	1079	1665	1669	1180	633	710	497
"519"	3730	3993	3872	3502	3949	1641	2851	1774	1052	1565	751	1089	996	1189	687	1061	1000	2523	1834	935	1112	1615	1567	1275	605	652	495
"520"	3755	4136	3936	3657	3850	1608	2822	1745	1013	1590	805	1093	1009	1253	642	1061	1070	2543	1817	866	1106	1688	1507	1143	552	626	488
"521"	3864	4048	3839	3507	3932	1682	2726	1878	1102	1648	813	1146	952	1316	642	984	1095	2471	1787	913	1047	1565	1528	1199	585	579	502
"522"	3944	3989	3826	3530	3887	1603	2793	1751	1079	1640	812	1036	1007	1278	686	1052	1043	2534	1784	990	1063	1608	1632	1237	626	654	503
"523"	3872	3948	3826	3609	3955	1563	2783	1720	1025	1598	787	1087	976	1316	617	932	1058	2388	1846	870	1082	1576	1574	1191	591	637	473
"524"	3840	4165	3833	3579	3847	1608	2825	1790	1028	1581	760	1055	1019	1234	665	965	1103	2378	1763	851	1043	1542	1609	1130	538	605	478
"525"	3918	3980	3815	3647	3855	1621	2699	1706	1045	1540	785	1022	954	1256	615	965	1042	2348	1792	853	1076	1560	1579	1176	548	609	458
"526"	3758	3919	3746	3570	3832	1593	2730	1657	1080	1434	796	1057	951	1206	655	1034	1046	2422	1878	851	995	1565	1516	1146	542	581	462
"527"	3915	4101	3927	3427	3846	1531	2660	1739	1062	1552	767	1089	991	1189	587	959	969	2451	1785	843	1047	1546	1625	1124	538	582	440
"528"	4001	4023	3831	3453	3861	1578	2725	1713	1031	1516	756	999	976	1259	640	971	994	2317	1783	846	978	1587	1567	1179	561	609	491
"529"	3935	4076	3768	3625	3816	1526	2747	1737	1010	1490	765	1035	968	1214	600	939	976	2383	1780	868	1041	1606	1565	1190	543	606	489
"530"	3886	3981	3821	3313	3845	1523	2659	1586	959	1470	707	1003	942	1159	550	918	967	2253	1799	815	1020	1520	1494	1102	532	582	461
"531"	3970	3850	3739	3317	3751	1476	2658	1677	986	1492	750	983	878	1260	550	992	975	2305	1690	848	984	1562	1496	1180	567	574	412
"532"	3786	4038	3697	3477	3682	1508	2588	1673	993	1452	714	1010	975	1179	566	820	990	2275	1624	795	1045	1509	1501	1154	564	583	448
"533"	3968	3945	3776	3430	3666	1459	2558	1710	1002	1418	703	929	879	1241	565	912	1012	2213	1629	824	995	1489	1555	1133	502	583	431
"534"	3970	3847	3579	3301	3644	1478	2640	1666	999	1405	674	914	919	1188	564	917	947	2251	1642	773	1005	1480	1430	1118	474	585	443
"535"	3954	3866	3679	3387	3670	1350	2589	1595	999	1371	737	975	890	1121	565	895	976	2208	1735	814	940	1461	1472	1117	513	607	405
"536"	3908	3818	3724	3292	3684	1356	2603	1587	929	1380	766	915	885	1181	565	905	997	2118	1653	775	949	1434	1425	1091	484	591	417
"537"	3948	3859	3708	3219	3569	1360	2525	1640	960	1407	715	928	846	1188	561	881	961	2158	1642	761	949	1461	1463	1074	468	603	447
"538"	3893	3719	3665	3384	3574	1379	2403	1588	938	1411	656	895	817	1158	516	885	923	2150	1657	748	955	1345	1450	1040	475	606	406
"539"	3898	3853	3526	3329	3522	1356	2495	1549	901	1333	713	907	838	1016	548	869	855	2000	1580	752	909	1431	1429	1036	475	567	406
"540"	3928	3775	3633	3248	3486	1398	2411	1553	983	1290	698	854	806	1089	508	815	893	2108	1535	693	926	1388	1431	1042	453	573	418
"541"	3920	3663	3504	3338	3450	1269	2375	1523	852	1281	685	882	792	1130	514	854	866	2090	1487	723	978	1416	1387	1080	466	526	412
"542"	3945	3669	3592	3256	3459	1300	2354	1410	892	1305	657	853	814	1007	510	831	865	1923	1569	770	948	1353	1377	1045	458	502	428
"543"	3852	3493	3498	3175	3448	1243	2235	1525	877	1237	646	842	813	1037	510	836	842	2018	1495	709	903	1298	1344	1021	425	562	429
"544"	3833	3588	3450	3208	3366	1256	2322	1510	903	1255	590	777	834	1013	505	816	885	1990	1377	673	884	1284	1349	973	482	557	391
"545"	3892	3631	3427	3106	3322	1290	2281	1440	813	1233	594	878	807	990	505	779	792	1941	1342	696	793	1289	1325	1011	471	521	348
"546"	3906	3675	3474	3241	3421	1230	2192	1448	849	1225	632	880	723	1035	469	758	913	1901	1415	671	866	1342	1354	999	413	523	374
"547"	3851	3359	3291	3066	3361	1243	2260	1362	792	1215	587	777	760	1020	477	759	872	1868	1340	711	828	1239	1292	979	430	552	374
"548"	3785	3485	3385	3022	3314	1261	2282	1350	790	1141	564	790	705	917	454	766	789	1822	1327	651	901	1264	1337	965	406	521	385
"549"	3826	3424	3467	2901	3308	1136	2240	1330	823	1130	579	772	701	987	450	695	757	1801	1335	664	837	1263	1274	986	421	456	383
"550"	3943	3351	3279	2991	3253	1183	2132	1344	779	1138	536	754	730	904	439	732	799	1802	1332	650	849	1165	1255	972	406	504	351
"551"	3717	3360	3289	2981	3236	1141	2146	1347	740	1079	606	738	700	906	418	695	811	1770	1337	623	798	1194	1218	941	398	516	357
"552"	3715	3256	3247	2971	3176	1082	2100	1281	736	1120	578	741	684	954	433	657	763	1684	1289	598	797	1184	1247	912	411	518	352
"553"	3672	3169	3214	2818	3097	1090	2094	1276	757	1069	533	775	667	851	402	667	767	1663	1223	594	812	1211	1214	869	394	502	321
"554"	3781	3207	3030	2856	3033	1065	2107	1228	710	1081	558	716	630	877	398	744	745	1627	1193	579	854	1119	1241	855	410	479	341
"555"	3721	3209	3211	2746	3012	1007	2000	1165	722	1046	552	719	617	855	384	678	736	1629	1198	588	718	1160	1108	822	390	425	330
"556"	3610	3163	2981	2852	3010	987	2030	1170	732	1001	563	722	660	820	380	694	719	1587	1189	586	725	1123	1160	836	385	468	344
"557"	3671	2968	2993	2793	2993	967	1909	1218	679	1009	518	663	608	846	425	641	692	1520	1112	574	718	1067	1211	820	392	435	347
"558"	3563	2960	3056	2741	2992	1031	1870	1161	638	983	482	654	592	806	350	576	703	1488	1159	571	778	1075	1114	784	394	430	363
"559"	3461	3043	2845	2673	2835	973	1846	1117	686	955	537	656	535	772	336	575	653	1467	1070	510	713	1090	1105	763	403	405	336
"560"	3472	2873	2883	2651	2921	928	1849	1138	656	928	429	642	573	811	354	579	639	1413	1098	569	689	1000	1107	810	346	418	296
"561"	3458	2840	2765	2669	2855	930	1828	1102	660	901	476	635	592	715	383	601	648	1380	1040	489	683	986	1032	688	386	405	290
"562"	3391	2837	2783	2663	2845	878	1745	1054	562	864	502	588	566	730	348	555	619	1297	1038	527	668	953	1013	762	345	370	315
"563"	3421	2840	2712	2548	2724	883	1749	1033	624	856	484	629	528	754	347	557	610	1424	1002	497	699	986	990	727	335	371	301
"564"	3400	2729	2619	2541	2775	863	1738	1056	606	894	429	563	539	646	354	590	569	1309	1022	481	657	885	990	694	355	416	261
"565"	3314	2618	2665	2417	2636	763	1638	959	583	838	427	542	553	685	318	511	612	1264	936	431	627	931	985	688	323	371	303
"566"	3295	2653	2605	2492	2593	882	1635	976	562	860	423	547	494	662	321	505	589	1290	906	451	613	951	950	705	327	347	292
"567"	3286	2526	2456	2256	2599	822	1561	881	546	800	419	542	490	695	300	479	576	1133	933	463	637	875	857	685	343	365	278
"568"	3089	2481	2491	2342	2580	779	1541	881	528	734	405	525	479	634	244	487	594	1226	877	446	570	884	938	675	302	389	271
"569"	3184	2431	2375	2423	2594	788	1540	864	532	726	395	495	496	643	274	477	529	1113	871	414	552	841	911	568	324	324	286
"570"	3189	2437	2369	2205	2438	732	1445	919	554	698	398	457	483	603	250	450	561	1062	872	395	593	788	926	588	329	342	245
"571"	3128	2435	2411	2338	2447	743	1402	863	501	703	394	469	447	595	246	457	528	1081	785	361	528	832	873	571	328	327	263
"572"	3147	2308	2301	2296	2457	711	1406	824	523	727	327	436	419	597	247	437	501	1098	808	393	547	767	837	587	286	347	255
"573"	3011	2310	2269	2200	2348	652	1420	798	513	702	319	445	425	556	228	437	461	1012	768	421	550	725	793	528	259	347	253
"574"	2929	2270	2187	2130	2257	669	1373	794	464	627	356	453	415	516	253	423	460	953	681	385	509	762	759	590	267	298	230
"575"	2819	2212	2143	2066	2259	668	1283	759	438	627	346	414	391	565	227	385	496	904	705	332	529	728	797	522	247	327	261
"576"	2796	2172	2078	2097	2242	663	1235	730	441	628	303	443	406	486	237	446	451	876	686	338	493	708	754	506	280	296	230
"577"	2830	2082	2046	1990	2137	608	1273	735	355	596	326	424	353	491	218	345	453	864	692	342	517	675	742	489	254	270	238
"578"	2813	2093	1989	1964	2236	583	1188	732	427	584	293	397	390	442	230	381	418	905	684	354	434	647	734	454	257	274	217
"579"	2710	1998	1938	1920	2075	567	1164	691	424	554	302	409	348	433	216	347	426	871	655	318	405	666	752	462	253	254	199
"580"	2550	1947	1907	1902	2130	511	1170	647	381	549	302	385	342	446	225	336	407	797	591	324	456	642	682	434	253	279	213
"581"	2658	1884	1855	1855	2084	503	1064	629	365	545	281	368	341	421	216	335	400	776	576	310	460	586	617	415	236	222	219
"582"	2552	1819	1788	1890	2006	539	1038	562	343	483	279	350	306	432	184	318	394	807	558	285	388	607	656	416	223	255	192
"583"	2541	1869	1744	1838	1883	506	990	612	363	468	266	321	299	393	182	336	416	773	510	255	396	593	649	412	212	240	208
"584"	2323	1784	1690	1726	1914	530	988	583	317	489	236	323	285	400	189	301	353	710	537	265	378	561	621	338	246	260	208
"585"	2351	1725	1673	1722	1814	476	999	569	335	454	230	332	292	367	156	289	363	727	495	309	377	542	545	381	194	239	191
"586"	2286	1742	1634	1706	1915	466	964	506	291	472	274	272	262	345	166	285	351	685	504	259	396	525	557	375	213	243	193
"587"	2320	1641	1586	1684	1879	418	894	520	302	417	244	329	269	343	178	288	318	710	475	275	365	518	596	358	209	196	167
"588"	2225	1533	1624	1649	1836	473	955	519	288	421	261	302	279	327	162	264	341	620	464	249	367	528	522	313	205	212	195
"589"	2150	1637	1511	1643	1797	411	947	444	285	380	228	283	217	323	153	242	303	561	462	233	330	502	562	341	206	184	174
"590"	2075	1498	1505	1510	1617	400	847	507	309	401	213	286	228	325	159	262	292	590	443	212	328	475	477	321	188	212	174
"591"	2088	1449	1374	1474	1673	439	814	481	296	374	187	249	254	330	143	240	304	589	434	237	311	460	458	295	175	197	168
"592"	2050	1360	1370	1547	1705	390	801	430	258	384	184	269	221	299	134	225	282	563	388	235	342	455	482	313	179	228	181
"593"	2000	1418	1312	1466	1605	416	800	470	255	372	188	253	234	305	141	215	281	548	400	213	305	424	439	287	180	166	181
"594"	1870	1380	1318	1362	1650	391	760	456	259	329	185	247	200	248	149	201	283	512	410	208	331	391	452	280	166	168	149
"595"	2003	1351	1284	1349	1494	349	706	386	232	318	172	227	213	255	133	225	276	467	391	197	297	400	402	266	172	178	139
"596"	1844	1276	1234	1358	1482	366	706	417	225	293	185	243	202	249	113	178	271	510	347	235	274	410	422	247	156	171	135
"597"	1826	1239	1191	1435	1396	359	666	398	210	322	154	215	173	261	120	174	283	499	344	202	274	396	404	239	153	172	149
"598"	1783	1231	1135	1250	1419	310	664	387	215	294	154	198	177	220	108	207	267	453	354	174	262	372	396	232	145	160	137
"599"	1739	1155	1184	1302	1414	327	620	365	195	286	160	204	175	216	128	172	214	461	335	180	255	349	344	210	134	163	155
"600"	1609	1130	1101	1292	1360	336	625	353	191	276	158	198	145	223	104	164	224	435	325	188	256	344	366	209	121	170	137
